/*--------------------------------*- C++ -*----------------------------------*\
  =========                 |
  \\      /  F ield         | OpenFOAM: The Open Source CFD Toolbox
   \\    /   O peration     | Website:  https://openfoam.org
    \\  /    A nd           | Version:  dev
     \\/     M anipulation  |
\*---------------------------------------------------------------------------*/
FoamFile
{
    format      ascii;
    class       faceList;
    location    "constant/polyMesh";
    object      faces;
}
// * * * * * * * * * * * * * * * * * * * * * * * * * * * * * * * * * * * * * //


4025
(
3(1 53 27)
4(0 52 53 1)
4(52 26 27 53)
3(2 54 28)
4(1 53 54 2)
4(53 27 28 54)
3(3 55 29)
4(2 54 55 3)
4(54 28 29 55)
3(4 56 30)
4(3 55 56 4)
4(55 29 30 56)
3(5 57 31)
4(4 56 57 5)
4(56 30 31 57)
3(6 58 32)
4(5 57 58 6)
4(57 31 32 58)
3(7 59 33)
4(6 58 59 7)
4(58 32 33 59)
3(8 60 34)
4(7 59 60 8)
4(59 33 34 60)
3(9 61 35)
4(8 60 61 9)
4(60 34 35 61)
3(10 62 36)
4(9 61 62 10)
4(61 35 36 62)
3(11 63 37)
4(10 62 63 11)
4(62 36 37 63)
3(12 64 38)
4(11 63 64 12)
4(63 37 38 64)
3(13 65 39)
4(12 64 65 13)
4(64 38 39 65)
3(14 66 40)
4(13 65 66 14)
4(65 39 40 66)
3(15 67 41)
4(14 66 67 15)
4(66 40 41 67)
3(16 68 42)
4(15 67 68 16)
4(67 41 42 68)
3(17 69 43)
4(16 68 69 17)
4(68 42 43 69)
3(18 70 44)
4(17 69 70 18)
4(69 43 44 70)
3(19 71 45)
4(18 70 71 19)
4(70 44 45 71)
3(20 72 46)
4(19 71 72 20)
4(71 45 46 72)
3(21 73 47)
4(20 72 73 21)
4(72 46 47 73)
3(22 74 48)
4(21 73 74 22)
4(73 47 48 74)
3(23 75 49)
4(22 74 75 23)
4(74 48 49 75)
3(24 76 50)
4(23 75 76 24)
4(75 49 50 76)
4(24 76 77 25)
4(76 50 51 77)
3(25 77 51)
3(1 79 53)
4(0 78 79 1)
4(78 52 53 79)
3(2 80 54)
4(1 79 80 2)
4(79 53 54 80)
3(3 81 55)
4(2 80 81 3)
4(80 54 55 81)
3(4 82 56)
4(3 81 82 4)
4(81 55 56 82)
3(5 83 57)
4(4 82 83 5)
4(82 56 57 83)
3(6 84 58)
4(5 83 84 6)
4(83 57 58 84)
3(7 85 59)
4(6 84 85 7)
4(84 58 59 85)
3(8 86 60)
4(7 85 86 8)
4(85 59 60 86)
3(9 87 61)
4(8 86 87 9)
4(86 60 61 87)
3(10 88 62)
4(9 87 88 10)
4(87 61 62 88)
3(11 89 63)
4(10 88 89 11)
4(88 62 63 89)
3(12 90 64)
4(11 89 90 12)
4(89 63 64 90)
3(13 91 65)
4(12 90 91 13)
4(90 64 65 91)
3(14 92 66)
4(13 91 92 14)
4(91 65 66 92)
3(15 93 67)
4(14 92 93 15)
4(92 66 67 93)
3(16 94 68)
4(15 93 94 16)
4(93 67 68 94)
3(17 95 69)
4(16 94 95 17)
4(94 68 69 95)
3(18 96 70)
4(17 95 96 18)
4(95 69 70 96)
3(19 97 71)
4(18 96 97 19)
4(96 70 71 97)
3(20 98 72)
4(19 97 98 20)
4(97 71 72 98)
3(21 99 73)
4(20 98 99 21)
4(98 72 73 99)
3(22 100 74)
4(21 99 100 22)
4(99 73 74 100)
3(23 101 75)
4(22 100 101 23)
4(100 74 75 101)
3(24 102 76)
4(23 101 102 24)
4(101 75 76 102)
4(24 102 103 25)
4(102 76 77 103)
3(25 103 77)
3(1 105 79)
4(0 104 105 1)
4(104 78 79 105)
3(2 106 80)
4(1 105 106 2)
4(105 79 80 106)
3(3 107 81)
4(2 106 107 3)
4(106 80 81 107)
3(4 108 82)
4(3 107 108 4)
4(107 81 82 108)
3(5 109 83)
4(4 108 109 5)
4(108 82 83 109)
3(6 110 84)
4(5 109 110 6)
4(109 83 84 110)
3(7 111 85)
4(6 110 111 7)
4(110 84 85 111)
3(8 112 86)
4(7 111 112 8)
4(111 85 86 112)
3(9 113 87)
4(8 112 113 9)
4(112 86 87 113)
3(10 114 88)
4(9 113 114 10)
4(113 87 88 114)
3(11 115 89)
4(10 114 115 11)
4(114 88 89 115)
3(12 116 90)
4(11 115 116 12)
4(115 89 90 116)
3(13 117 91)
4(12 116 117 13)
4(116 90 91 117)
3(14 118 92)
4(13 117 118 14)
4(117 91 92 118)
3(15 119 93)
4(14 118 119 15)
4(118 92 93 119)
3(16 120 94)
4(15 119 120 16)
4(119 93 94 120)
3(17 121 95)
4(16 120 121 17)
4(120 94 95 121)
3(18 122 96)
4(17 121 122 18)
4(121 95 96 122)
3(19 123 97)
4(18 122 123 19)
4(122 96 97 123)
3(20 124 98)
4(19 123 124 20)
4(123 97 98 124)
3(21 125 99)
4(20 124 125 21)
4(124 98 99 125)
3(22 126 100)
4(21 125 126 22)
4(125 99 100 126)
3(23 127 101)
4(22 126 127 23)
4(126 100 101 127)
3(24 128 102)
4(23 127 128 24)
4(127 101 102 128)
4(24 128 129 25)
4(128 102 103 129)
3(25 129 103)
3(1 131 105)
4(0 130 131 1)
4(130 104 105 131)
3(2 132 106)
4(1 131 132 2)
4(131 105 106 132)
3(3 133 107)
4(2 132 133 3)
4(132 106 107 133)
3(4 134 108)
4(3 133 134 4)
4(133 107 108 134)
3(5 135 109)
4(4 134 135 5)
4(134 108 109 135)
3(6 136 110)
4(5 135 136 6)
4(135 109 110 136)
3(7 137 111)
4(6 136 137 7)
4(136 110 111 137)
3(8 138 112)
4(7 137 138 8)
4(137 111 112 138)
3(9 139 113)
4(8 138 139 9)
4(138 112 113 139)
3(10 140 114)
4(9 139 140 10)
4(139 113 114 140)
3(11 141 115)
4(10 140 141 11)
4(140 114 115 141)
3(12 142 116)
4(11 141 142 12)
4(141 115 116 142)
3(13 143 117)
4(12 142 143 13)
4(142 116 117 143)
3(14 144 118)
4(13 143 144 14)
4(143 117 118 144)
3(15 145 119)
4(14 144 145 15)
4(144 118 119 145)
3(16 146 120)
4(15 145 146 16)
4(145 119 120 146)
3(17 147 121)
4(16 146 147 17)
4(146 120 121 147)
3(18 148 122)
4(17 147 148 18)
4(147 121 122 148)
3(19 149 123)
4(18 148 149 19)
4(148 122 123 149)
3(20 150 124)
4(19 149 150 20)
4(149 123 124 150)
3(21 151 125)
4(20 150 151 21)
4(150 124 125 151)
3(22 152 126)
4(21 151 152 22)
4(151 125 126 152)
3(23 153 127)
4(22 152 153 23)
4(152 126 127 153)
3(24 154 128)
4(23 153 154 24)
4(153 127 128 154)
4(24 154 155 25)
4(154 128 129 155)
3(25 155 129)
3(1 157 131)
4(156 130 131 157)
3(2 158 132)
4(157 131 132 158)
3(3 159 133)
4(158 132 133 159)
3(4 160 134)
4(159 133 134 160)
3(5 161 135)
4(160 134 135 161)
3(6 162 136)
4(161 135 136 162)
3(7 163 137)
4(162 136 137 163)
3(8 164 138)
4(163 137 138 164)
3(9 165 139)
4(164 138 139 165)
3(10 166 140)
4(165 139 140 166)
3(11 167 141)
4(166 140 141 167)
3(12 168 142)
4(167 141 142 168)
3(13 169 143)
4(168 142 143 169)
3(14 170 144)
4(169 143 144 170)
3(15 171 145)
4(170 144 145 171)
3(16 172 146)
4(171 145 146 172)
3(17 173 147)
4(172 146 147 173)
3(18 174 148)
4(173 147 148 174)
3(19 175 149)
4(174 148 149 175)
3(20 176 150)
4(175 149 150 176)
3(21 177 151)
4(176 150 151 177)
3(22 178 152)
4(177 151 152 178)
3(23 179 153)
4(178 152 153 179)
3(24 180 154)
4(179 153 154 180)
4(180 154 155 181)
3(25 181 155)
4(27 53 209 183)
4(52 208 209 53)
4(182 183 209 208)
4(28 54 210 184)
4(53 209 210 54)
4(183 184 210 209)
4(29 55 211 185)
4(54 210 211 55)
4(184 185 211 210)
4(30 56 212 186)
4(55 211 212 56)
4(185 186 212 211)
4(31 57 213 187)
4(56 212 213 57)
4(186 187 213 212)
4(32 58 214 188)
4(57 213 214 58)
4(187 188 214 213)
4(33 59 215 189)
4(58 214 215 59)
4(188 189 215 214)
4(34 60 216 190)
4(59 215 216 60)
4(189 190 216 215)
4(35 61 217 191)
4(60 216 217 61)
4(190 191 217 216)
4(36 62 218 192)
4(61 217 218 62)
4(191 192 218 217)
4(37 63 219 193)
4(62 218 219 63)
4(192 193 219 218)
4(38 64 220 194)
4(63 219 220 64)
4(193 194 220 219)
4(39 65 221 195)
4(64 220 221 65)
4(194 195 221 220)
4(40 66 222 196)
4(65 221 222 66)
4(195 196 222 221)
4(41 67 223 197)
4(66 222 223 67)
4(196 197 223 222)
4(42 68 224 198)
4(67 223 224 68)
4(197 198 224 223)
4(43 69 225 199)
4(68 224 225 69)
4(198 199 225 224)
4(44 70 226 200)
4(69 225 226 70)
4(199 200 226 225)
4(45 71 227 201)
4(70 226 227 71)
4(200 201 227 226)
4(46 72 228 202)
4(71 227 228 72)
4(201 202 228 227)
4(47 73 229 203)
4(72 228 229 73)
4(202 203 229 228)
4(48 74 230 204)
4(73 229 230 74)
4(203 204 230 229)
4(49 75 231 205)
4(74 230 231 75)
4(204 205 231 230)
4(50 76 232 206)
4(75 231 232 76)
4(205 206 232 231)
4(76 232 233 77)
4(206 207 233 232)
4(51 77 233 207)
4(53 79 235 209)
4(78 234 235 79)
4(208 209 235 234)
4(54 80 236 210)
4(79 235 236 80)
4(209 210 236 235)
4(55 81 237 211)
4(80 236 237 81)
4(210 211 237 236)
4(56 82 238 212)
4(81 237 238 82)
4(211 212 238 237)
4(57 83 239 213)
4(82 238 239 83)
4(212 213 239 238)
4(58 84 240 214)
4(83 239 240 84)
4(213 214 240 239)
4(59 85 241 215)
4(84 240 241 85)
4(214 215 241 240)
4(60 86 242 216)
4(85 241 242 86)
4(215 216 242 241)
4(61 87 243 217)
4(86 242 243 87)
4(216 217 243 242)
4(62 88 244 218)
4(87 243 244 88)
4(217 218 244 243)
4(63 89 245 219)
4(88 244 245 89)
4(218 219 245 244)
4(64 90 246 220)
4(89 245 246 90)
4(219 220 246 245)
4(65 91 247 221)
4(90 246 247 91)
4(220 221 247 246)
4(66 92 248 222)
4(91 247 248 92)
4(221 222 248 247)
4(67 93 249 223)
4(92 248 249 93)
4(222 223 249 248)
4(68 94 250 224)
4(93 249 250 94)
4(223 224 250 249)
4(69 95 251 225)
4(94 250 251 95)
4(224 225 251 250)
4(70 96 252 226)
4(95 251 252 96)
4(225 226 252 251)
4(71 97 253 227)
4(96 252 253 97)
4(226 227 253 252)
4(72 98 254 228)
4(97 253 254 98)
4(227 228 254 253)
4(73 99 255 229)
4(98 254 255 99)
4(228 229 255 254)
4(74 100 256 230)
4(99 255 256 100)
4(229 230 256 255)
4(75 101 257 231)
4(100 256 257 101)
4(230 231 257 256)
4(76 102 258 232)
4(101 257 258 102)
4(231 232 258 257)
4(102 258 259 103)
4(232 233 259 258)
4(77 103 259 233)
4(79 105 261 235)
4(104 260 261 105)
4(234 235 261 260)
4(80 106 262 236)
4(105 261 262 106)
4(235 236 262 261)
4(81 107 263 237)
4(106 262 263 107)
4(236 237 263 262)
4(82 108 264 238)
4(107 263 264 108)
4(237 238 264 263)
4(83 109 265 239)
4(108 264 265 109)
4(238 239 265 264)
4(84 110 266 240)
4(109 265 266 110)
4(239 240 266 265)
4(85 111 267 241)
4(110 266 267 111)
4(240 241 267 266)
4(86 112 268 242)
4(111 267 268 112)
4(241 242 268 267)
4(87 113 269 243)
4(112 268 269 113)
4(242 243 269 268)
4(88 114 270 244)
4(113 269 270 114)
4(243 244 270 269)
4(89 115 271 245)
4(114 270 271 115)
4(244 245 271 270)
4(90 116 272 246)
4(115 271 272 116)
4(245 246 272 271)
4(91 117 273 247)
4(116 272 273 117)
4(246 247 273 272)
4(92 118 274 248)
4(117 273 274 118)
4(247 248 274 273)
4(93 119 275 249)
4(118 274 275 119)
4(248 249 275 274)
4(94 120 276 250)
4(119 275 276 120)
4(249 250 276 275)
4(95 121 277 251)
4(120 276 277 121)
4(250 251 277 276)
4(96 122 278 252)
4(121 277 278 122)
4(251 252 278 277)
4(97 123 279 253)
4(122 278 279 123)
4(252 253 279 278)
4(98 124 280 254)
4(123 279 280 124)
4(253 254 280 279)
4(99 125 281 255)
4(124 280 281 125)
4(254 255 281 280)
4(100 126 282 256)
4(125 281 282 126)
4(255 256 282 281)
4(101 127 283 257)
4(126 282 283 127)
4(256 257 283 282)
4(102 128 284 258)
4(127 283 284 128)
4(257 258 284 283)
4(128 284 285 129)
4(258 259 285 284)
4(103 129 285 259)
4(105 131 287 261)
4(130 286 287 131)
4(260 261 287 286)
4(106 132 288 262)
4(131 287 288 132)
4(261 262 288 287)
4(107 133 289 263)
4(132 288 289 133)
4(262 263 289 288)
4(108 134 290 264)
4(133 289 290 134)
4(263 264 290 289)
4(109 135 291 265)
4(134 290 291 135)
4(264 265 291 290)
4(110 136 292 266)
4(135 291 292 136)
4(265 266 292 291)
4(111 137 293 267)
4(136 292 293 137)
4(266 267 293 292)
4(112 138 294 268)
4(137 293 294 138)
4(267 268 294 293)
4(113 139 295 269)
4(138 294 295 139)
4(268 269 295 294)
4(114 140 296 270)
4(139 295 296 140)
4(269 270 296 295)
4(115 141 297 271)
4(140 296 297 141)
4(270 271 297 296)
4(116 142 298 272)
4(141 297 298 142)
4(271 272 298 297)
4(117 143 299 273)
4(142 298 299 143)
4(272 273 299 298)
4(118 144 300 274)
4(143 299 300 144)
4(273 274 300 299)
4(119 145 301 275)
4(144 300 301 145)
4(274 275 301 300)
4(120 146 302 276)
4(145 301 302 146)
4(275 276 302 301)
4(121 147 303 277)
4(146 302 303 147)
4(276 277 303 302)
4(122 148 304 278)
4(147 303 304 148)
4(277 278 304 303)
4(123 149 305 279)
4(148 304 305 149)
4(278 279 305 304)
4(124 150 306 280)
4(149 305 306 150)
4(279 280 306 305)
4(125 151 307 281)
4(150 306 307 151)
4(280 281 307 306)
4(126 152 308 282)
4(151 307 308 152)
4(281 282 308 307)
4(127 153 309 283)
4(152 308 309 153)
4(282 283 309 308)
4(128 154 310 284)
4(153 309 310 154)
4(283 284 310 309)
4(154 310 311 155)
4(284 285 311 310)
4(129 155 311 285)
4(131 157 313 287)
4(286 287 313 312)
4(132 158 314 288)
4(287 288 314 313)
4(133 159 315 289)
4(288 289 315 314)
4(134 160 316 290)
4(289 290 316 315)
4(135 161 317 291)
4(290 291 317 316)
4(136 162 318 292)
4(291 292 318 317)
4(137 163 319 293)
4(292 293 319 318)
4(138 164 320 294)
4(293 294 320 319)
4(139 165 321 295)
4(294 295 321 320)
4(140 166 322 296)
4(295 296 322 321)
4(141 167 323 297)
4(296 297 323 322)
4(142 168 324 298)
4(297 298 324 323)
4(143 169 325 299)
4(298 299 325 324)
4(144 170 326 300)
4(299 300 326 325)
4(145 171 327 301)
4(300 301 327 326)
4(146 172 328 302)
4(301 302 328 327)
4(147 173 329 303)
4(302 303 329 328)
4(148 174 330 304)
4(303 304 330 329)
4(149 175 331 305)
4(304 305 331 330)
4(150 176 332 306)
4(305 306 332 331)
4(151 177 333 307)
4(306 307 333 332)
4(152 178 334 308)
4(307 308 334 333)
4(153 179 335 309)
4(308 309 335 334)
4(154 180 336 310)
4(309 310 336 335)
4(310 311 337 336)
4(155 181 337 311)
4(183 209 365 339)
4(208 364 365 209)
4(338 339 365 364)
4(184 210 366 340)
4(209 365 366 210)
4(339 340 366 365)
4(185 211 367 341)
4(210 366 367 211)
4(340 341 367 366)
4(186 212 368 342)
4(211 367 368 212)
4(341 342 368 367)
4(187 213 369 343)
4(212 368 369 213)
4(342 343 369 368)
4(188 214 370 344)
4(213 369 370 214)
4(343 344 370 369)
4(189 215 371 345)
4(214 370 371 215)
4(344 345 371 370)
4(190 216 372 346)
4(215 371 372 216)
4(345 346 372 371)
4(191 217 373 347)
4(216 372 373 217)
4(346 347 373 372)
4(192 218 374 348)
4(217 373 374 218)
4(347 348 374 373)
4(193 219 375 349)
4(218 374 375 219)
4(348 349 375 374)
4(194 220 376 350)
4(219 375 376 220)
4(349 350 376 375)
4(195 221 377 351)
4(220 376 377 221)
4(350 351 377 376)
4(196 222 378 352)
4(221 377 378 222)
4(351 352 378 377)
4(197 223 379 353)
4(222 378 379 223)
4(352 353 379 378)
4(198 224 380 354)
4(223 379 380 224)
4(353 354 380 379)
4(199 225 381 355)
4(224 380 381 225)
4(354 355 381 380)
4(200 226 382 356)
4(225 381 382 226)
4(355 356 382 381)
4(201 227 383 357)
4(226 382 383 227)
4(356 357 383 382)
4(202 228 384 358)
4(227 383 384 228)
4(357 358 384 383)
4(203 229 385 359)
4(228 384 385 229)
4(358 359 385 384)
4(204 230 386 360)
4(229 385 386 230)
4(359 360 386 385)
4(205 231 387 361)
4(230 386 387 231)
4(360 361 387 386)
4(206 232 388 362)
4(231 387 388 232)
4(361 362 388 387)
4(232 388 389 233)
4(362 363 389 388)
4(207 233 389 363)
4(209 235 391 365)
4(234 390 391 235)
4(364 365 391 390)
4(210 236 392 366)
4(235 391 392 236)
4(365 366 392 391)
4(211 237 393 367)
4(236 392 393 237)
4(366 367 393 392)
4(212 238 394 368)
4(237 393 394 238)
4(367 368 394 393)
4(213 239 395 369)
4(238 394 395 239)
4(368 369 395 394)
4(214 240 396 370)
4(239 395 396 240)
4(369 370 396 395)
4(215 241 397 371)
4(240 396 397 241)
4(370 371 397 396)
4(216 242 398 372)
4(241 397 398 242)
4(371 372 398 397)
4(217 243 399 373)
4(242 398 399 243)
4(372 373 399 398)
4(218 244 400 374)
4(243 399 400 244)
4(373 374 400 399)
4(219 245 401 375)
4(244 400 401 245)
4(374 375 401 400)
4(220 246 402 376)
4(245 401 402 246)
4(375 376 402 401)
4(221 247 403 377)
4(246 402 403 247)
4(376 377 403 402)
4(222 248 404 378)
4(247 403 404 248)
4(377 378 404 403)
4(223 249 405 379)
4(248 404 405 249)
4(378 379 405 404)
4(224 250 406 380)
4(249 405 406 250)
4(379 380 406 405)
4(225 251 407 381)
4(250 406 407 251)
4(380 381 407 406)
4(226 252 408 382)
4(251 407 408 252)
4(381 382 408 407)
4(227 253 409 383)
4(252 408 409 253)
4(382 383 409 408)
4(228 254 410 384)
4(253 409 410 254)
4(383 384 410 409)
4(229 255 411 385)
4(254 410 411 255)
4(384 385 411 410)
4(230 256 412 386)
4(255 411 412 256)
4(385 386 412 411)
4(231 257 413 387)
4(256 412 413 257)
4(386 387 413 412)
4(232 258 414 388)
4(257 413 414 258)
4(387 388 414 413)
4(258 414 415 259)
4(388 389 415 414)
4(233 259 415 389)
4(235 261 417 391)
4(260 416 417 261)
4(390 391 417 416)
4(236 262 418 392)
4(261 417 418 262)
4(391 392 418 417)
4(237 263 419 393)
4(262 418 419 263)
4(392 393 419 418)
4(238 264 420 394)
4(263 419 420 264)
4(393 394 420 419)
4(239 265 421 395)
4(264 420 421 265)
4(394 395 421 420)
4(240 266 422 396)
4(265 421 422 266)
4(395 396 422 421)
4(241 267 423 397)
4(266 422 423 267)
4(396 397 423 422)
4(242 268 424 398)
4(267 423 424 268)
4(397 398 424 423)
4(243 269 425 399)
4(268 424 425 269)
4(398 399 425 424)
4(244 270 426 400)
4(269 425 426 270)
4(399 400 426 425)
4(245 271 427 401)
4(270 426 427 271)
4(400 401 427 426)
4(246 272 428 402)
4(271 427 428 272)
4(401 402 428 427)
4(247 273 429 403)
4(272 428 429 273)
4(402 403 429 428)
4(248 274 430 404)
4(273 429 430 274)
4(403 404 430 429)
4(249 275 431 405)
4(274 430 431 275)
4(404 405 431 430)
4(250 276 432 406)
4(275 431 432 276)
4(405 406 432 431)
4(251 277 433 407)
4(276 432 433 277)
4(406 407 433 432)
4(252 278 434 408)
4(277 433 434 278)
4(407 408 434 433)
4(253 279 435 409)
4(278 434 435 279)
4(408 409 435 434)
4(254 280 436 410)
4(279 435 436 280)
4(409 410 436 435)
4(255 281 437 411)
4(280 436 437 281)
4(410 411 437 436)
4(256 282 438 412)
4(281 437 438 282)
4(411 412 438 437)
4(257 283 439 413)
4(282 438 439 283)
4(412 413 439 438)
4(258 284 440 414)
4(283 439 440 284)
4(413 414 440 439)
4(284 440 441 285)
4(414 415 441 440)
4(259 285 441 415)
4(261 287 443 417)
4(286 442 443 287)
4(416 417 443 442)
4(262 288 444 418)
4(287 443 444 288)
4(417 418 444 443)
4(263 289 445 419)
4(288 444 445 289)
4(418 419 445 444)
4(264 290 446 420)
4(289 445 446 290)
4(419 420 446 445)
4(265 291 447 421)
4(290 446 447 291)
4(420 421 447 446)
4(266 292 448 422)
4(291 447 448 292)
4(421 422 448 447)
4(267 293 449 423)
4(292 448 449 293)
4(422 423 449 448)
4(268 294 450 424)
4(293 449 450 294)
4(423 424 450 449)
4(269 295 451 425)
4(294 450 451 295)
4(424 425 451 450)
4(270 296 452 426)
4(295 451 452 296)
4(425 426 452 451)
4(271 297 453 427)
4(296 452 453 297)
4(426 427 453 452)
4(272 298 454 428)
4(297 453 454 298)
4(427 428 454 453)
4(273 299 455 429)
4(298 454 455 299)
4(428 429 455 454)
4(274 300 456 430)
4(299 455 456 300)
4(429 430 456 455)
4(275 301 457 431)
4(300 456 457 301)
4(430 431 457 456)
4(276 302 458 432)
4(301 457 458 302)
4(431 432 458 457)
4(277 303 459 433)
4(302 458 459 303)
4(432 433 459 458)
4(278 304 460 434)
4(303 459 460 304)
4(433 434 460 459)
4(279 305 461 435)
4(304 460 461 305)
4(434 435 461 460)
4(280 306 462 436)
4(305 461 462 306)
4(435 436 462 461)
4(281 307 463 437)
4(306 462 463 307)
4(436 437 463 462)
4(282 308 464 438)
4(307 463 464 308)
4(437 438 464 463)
4(283 309 465 439)
4(308 464 465 309)
4(438 439 465 464)
4(284 310 466 440)
4(309 465 466 310)
4(439 440 466 465)
4(310 466 467 311)
4(440 441 467 466)
4(285 311 467 441)
4(287 313 469 443)
4(442 443 469 468)
4(288 314 470 444)
4(443 444 470 469)
4(289 315 471 445)
4(444 445 471 470)
4(290 316 472 446)
4(445 446 472 471)
4(291 317 473 447)
4(446 447 473 472)
4(292 318 474 448)
4(447 448 474 473)
4(293 319 475 449)
4(448 449 475 474)
4(294 320 476 450)
4(449 450 476 475)
4(295 321 477 451)
4(450 451 477 476)
4(296 322 478 452)
4(451 452 478 477)
4(297 323 479 453)
4(452 453 479 478)
4(298 324 480 454)
4(453 454 480 479)
4(299 325 481 455)
4(454 455 481 480)
4(300 326 482 456)
4(455 456 482 481)
4(301 327 483 457)
4(456 457 483 482)
4(302 328 484 458)
4(457 458 484 483)
4(303 329 485 459)
4(458 459 485 484)
4(304 330 486 460)
4(459 460 486 485)
4(305 331 487 461)
4(460 461 487 486)
4(306 332 488 462)
4(461 462 488 487)
4(307 333 489 463)
4(462 463 489 488)
4(308 334 490 464)
4(463 464 490 489)
4(309 335 491 465)
4(464 465 491 490)
4(310 336 492 466)
4(465 466 492 491)
4(466 467 493 492)
4(311 337 493 467)
4(339 365 521 495)
4(364 520 521 365)
4(494 495 521 520)
4(340 366 522 496)
4(365 521 522 366)
4(495 496 522 521)
4(341 367 523 497)
4(366 522 523 367)
4(496 497 523 522)
4(342 368 524 498)
4(367 523 524 368)
4(497 498 524 523)
4(343 369 525 499)
4(368 524 525 369)
4(498 499 525 524)
4(344 370 526 500)
4(369 525 526 370)
4(499 500 526 525)
4(345 371 527 501)
4(370 526 527 371)
4(500 501 527 526)
4(346 372 528 502)
4(371 527 528 372)
4(501 502 528 527)
4(347 373 529 503)
4(372 528 529 373)
4(502 503 529 528)
4(348 374 530 504)
4(373 529 530 374)
4(503 504 530 529)
4(349 375 531 505)
4(374 530 531 375)
4(504 505 531 530)
4(350 376 532 506)
4(375 531 532 376)
4(505 506 532 531)
4(351 377 533 507)
4(376 532 533 377)
4(506 507 533 532)
4(352 378 534 508)
4(377 533 534 378)
4(507 508 534 533)
4(353 379 535 509)
4(378 534 535 379)
4(508 509 535 534)
4(354 380 536 510)
4(379 535 536 380)
4(509 510 536 535)
4(355 381 537 511)
4(380 536 537 381)
4(510 511 537 536)
4(356 382 538 512)
4(381 537 538 382)
4(511 512 538 537)
4(357 383 539 513)
4(382 538 539 383)
4(512 513 539 538)
4(358 384 540 514)
4(383 539 540 384)
4(513 514 540 539)
4(359 385 541 515)
4(384 540 541 385)
4(514 515 541 540)
4(360 386 542 516)
4(385 541 542 386)
4(515 516 542 541)
4(361 387 543 517)
4(386 542 543 387)
4(516 517 543 542)
4(362 388 544 518)
4(387 543 544 388)
4(517 518 544 543)
4(388 544 545 389)
4(518 519 545 544)
4(363 389 545 519)
4(365 391 547 521)
4(390 546 547 391)
4(520 521 547 546)
4(366 392 548 522)
4(391 547 548 392)
4(521 522 548 547)
4(367 393 549 523)
4(392 548 549 393)
4(522 523 549 548)
4(368 394 550 524)
4(393 549 550 394)
4(523 524 550 549)
4(369 395 551 525)
4(394 550 551 395)
4(524 525 551 550)
4(370 396 552 526)
4(395 551 552 396)
4(525 526 552 551)
4(371 397 553 527)
4(396 552 553 397)
4(526 527 553 552)
4(372 398 554 528)
4(397 553 554 398)
4(527 528 554 553)
4(373 399 555 529)
4(398 554 555 399)
4(528 529 555 554)
4(374 400 556 530)
4(399 555 556 400)
4(529 530 556 555)
4(375 401 557 531)
4(400 556 557 401)
4(530 531 557 556)
4(376 402 558 532)
4(401 557 558 402)
4(531 532 558 557)
4(377 403 559 533)
4(402 558 559 403)
4(532 533 559 558)
4(378 404 560 534)
4(403 559 560 404)
4(533 534 560 559)
4(379 405 561 535)
4(404 560 561 405)
4(534 535 561 560)
4(380 406 562 536)
4(405 561 562 406)
4(535 536 562 561)
4(381 407 563 537)
4(406 562 563 407)
4(536 537 563 562)
4(382 408 564 538)
4(407 563 564 408)
4(537 538 564 563)
4(383 409 565 539)
4(408 564 565 409)
4(538 539 565 564)
4(384 410 566 540)
4(409 565 566 410)
4(539 540 566 565)
4(385 411 567 541)
4(410 566 567 411)
4(540 541 567 566)
4(386 412 568 542)
4(411 567 568 412)
4(541 542 568 567)
4(387 413 569 543)
4(412 568 569 413)
4(542 543 569 568)
4(388 414 570 544)
4(413 569 570 414)
4(543 544 570 569)
4(414 570 571 415)
4(544 545 571 570)
4(389 415 571 545)
4(391 417 573 547)
4(416 572 573 417)
4(546 547 573 572)
4(392 418 574 548)
4(417 573 574 418)
4(547 548 574 573)
4(393 419 575 549)
4(418 574 575 419)
4(548 549 575 574)
4(394 420 576 550)
4(419 575 576 420)
4(549 550 576 575)
4(395 421 577 551)
4(420 576 577 421)
4(550 551 577 576)
4(396 422 578 552)
4(421 577 578 422)
4(551 552 578 577)
4(397 423 579 553)
4(422 578 579 423)
4(552 553 579 578)
4(398 424 580 554)
4(423 579 580 424)
4(553 554 580 579)
4(399 425 581 555)
4(424 580 581 425)
4(554 555 581 580)
4(400 426 582 556)
4(425 581 582 426)
4(555 556 582 581)
4(401 427 583 557)
4(426 582 583 427)
4(556 557 583 582)
4(402 428 584 558)
4(427 583 584 428)
4(557 558 584 583)
4(403 429 585 559)
4(428 584 585 429)
4(558 559 585 584)
4(404 430 586 560)
4(429 585 586 430)
4(559 560 586 585)
4(405 431 587 561)
4(430 586 587 431)
4(560 561 587 586)
4(406 432 588 562)
4(431 587 588 432)
4(561 562 588 587)
4(407 433 589 563)
4(432 588 589 433)
4(562 563 589 588)
4(408 434 590 564)
4(433 589 590 434)
4(563 564 590 589)
4(409 435 591 565)
4(434 590 591 435)
4(564 565 591 590)
4(410 436 592 566)
4(435 591 592 436)
4(565 566 592 591)
4(411 437 593 567)
4(436 592 593 437)
4(566 567 593 592)
4(412 438 594 568)
4(437 593 594 438)
4(567 568 594 593)
4(413 439 595 569)
4(438 594 595 439)
4(568 569 595 594)
4(414 440 596 570)
4(439 595 596 440)
4(569 570 596 595)
4(440 596 597 441)
4(570 571 597 596)
4(415 441 597 571)
4(417 443 599 573)
4(442 598 599 443)
4(572 573 599 598)
4(418 444 600 574)
4(443 599 600 444)
4(573 574 600 599)
4(419 445 601 575)
4(444 600 601 445)
4(574 575 601 600)
4(420 446 602 576)
4(445 601 602 446)
4(575 576 602 601)
4(421 447 603 577)
4(446 602 603 447)
4(576 577 603 602)
4(422 448 604 578)
4(447 603 604 448)
4(577 578 604 603)
4(423 449 605 579)
4(448 604 605 449)
4(578 579 605 604)
4(424 450 606 580)
4(449 605 606 450)
4(579 580 606 605)
4(425 451 607 581)
4(450 606 607 451)
4(580 581 607 606)
4(426 452 608 582)
4(451 607 608 452)
4(581 582 608 607)
4(427 453 609 583)
4(452 608 609 453)
4(582 583 609 608)
4(428 454 610 584)
4(453 609 610 454)
4(583 584 610 609)
4(429 455 611 585)
4(454 610 611 455)
4(584 585 611 610)
4(430 456 612 586)
4(455 611 612 456)
4(585 586 612 611)
4(431 457 613 587)
4(456 612 613 457)
4(586 587 613 612)
4(432 458 614 588)
4(457 613 614 458)
4(587 588 614 613)
4(433 459 615 589)
4(458 614 615 459)
4(588 589 615 614)
4(434 460 616 590)
4(459 615 616 460)
4(589 590 616 615)
4(435 461 617 591)
4(460 616 617 461)
4(590 591 617 616)
4(436 462 618 592)
4(461 617 618 462)
4(591 592 618 617)
4(437 463 619 593)
4(462 618 619 463)
4(592 593 619 618)
4(438 464 620 594)
4(463 619 620 464)
4(593 594 620 619)
4(439 465 621 595)
4(464 620 621 465)
4(594 595 621 620)
4(440 466 622 596)
4(465 621 622 466)
4(595 596 622 621)
4(466 622 623 467)
4(596 597 623 622)
4(441 467 623 597)
4(443 469 625 599)
4(598 599 625 624)
4(444 470 626 600)
4(599 600 626 625)
4(445 471 627 601)
4(600 601 627 626)
4(446 472 628 602)
4(601 602 628 627)
4(447 473 629 603)
4(602 603 629 628)
4(448 474 630 604)
4(603 604 630 629)
4(449 475 631 605)
4(604 605 631 630)
4(450 476 632 606)
4(605 606 632 631)
4(451 477 633 607)
4(606 607 633 632)
4(452 478 634 608)
4(607 608 634 633)
4(453 479 635 609)
4(608 609 635 634)
4(454 480 636 610)
4(609 610 636 635)
4(455 481 637 611)
4(610 611 637 636)
4(456 482 638 612)
4(611 612 638 637)
4(457 483 639 613)
4(612 613 639 638)
4(458 484 640 614)
4(613 614 640 639)
4(459 485 641 615)
4(614 615 641 640)
4(460 486 642 616)
4(615 616 642 641)
4(461 487 643 617)
4(616 617 643 642)
4(462 488 644 618)
4(617 618 644 643)
4(463 489 645 619)
4(618 619 645 644)
4(464 490 646 620)
4(619 620 646 645)
4(465 491 647 621)
4(620 621 647 646)
4(466 492 648 622)
4(621 622 648 647)
4(622 623 649 648)
4(467 493 649 623)
4(495 521 677 651)
4(520 676 677 521)
4(496 522 678 652)
4(521 677 678 522)
4(497 523 679 653)
4(522 678 679 523)
4(498 524 680 654)
4(523 679 680 524)
4(499 525 681 655)
4(524 680 681 525)
4(500 526 682 656)
4(525 681 682 526)
4(501 527 683 657)
4(526 682 683 527)
4(502 528 684 658)
4(527 683 684 528)
4(503 529 685 659)
4(528 684 685 529)
4(504 530 686 660)
4(529 685 686 530)
4(505 531 687 661)
4(530 686 687 531)
4(506 532 688 662)
4(531 687 688 532)
4(507 533 689 663)
4(532 688 689 533)
4(508 534 690 664)
4(533 689 690 534)
4(509 535 691 665)
4(534 690 691 535)
4(510 536 692 666)
4(535 691 692 536)
4(511 537 693 667)
4(536 692 693 537)
4(512 538 694 668)
4(537 693 694 538)
4(513 539 695 669)
4(538 694 695 539)
4(514 540 696 670)
4(539 695 696 540)
4(515 541 697 671)
4(540 696 697 541)
4(516 542 698 672)
4(541 697 698 542)
4(517 543 699 673)
4(542 698 699 543)
4(518 544 700 674)
4(543 699 700 544)
4(544 700 701 545)
4(519 545 701 675)
4(521 547 703 677)
4(546 702 703 547)
4(522 548 704 678)
4(547 703 704 548)
4(523 549 705 679)
4(548 704 705 549)
4(524 550 706 680)
4(549 705 706 550)
4(525 551 707 681)
4(550 706 707 551)
4(526 552 708 682)
4(551 707 708 552)
4(527 553 709 683)
4(552 708 709 553)
4(528 554 710 684)
4(553 709 710 554)
4(529 555 711 685)
4(554 710 711 555)
4(530 556 712 686)
4(555 711 712 556)
4(531 557 713 687)
4(556 712 713 557)
4(532 558 714 688)
4(557 713 714 558)
4(533 559 715 689)
4(558 714 715 559)
4(534 560 716 690)
4(559 715 716 560)
4(535 561 717 691)
4(560 716 717 561)
4(536 562 718 692)
4(561 717 718 562)
4(537 563 719 693)
4(562 718 719 563)
4(538 564 720 694)
4(563 719 720 564)
4(539 565 721 695)
4(564 720 721 565)
4(540 566 722 696)
4(565 721 722 566)
4(541 567 723 697)
4(566 722 723 567)
4(542 568 724 698)
4(567 723 724 568)
4(543 569 725 699)
4(568 724 725 569)
4(544 570 726 700)
4(569 725 726 570)
4(570 726 727 571)
4(545 571 727 701)
4(547 573 729 703)
4(572 728 729 573)
4(548 574 730 704)
4(573 729 730 574)
4(549 575 731 705)
4(574 730 731 575)
4(550 576 732 706)
4(575 731 732 576)
4(551 577 733 707)
4(576 732 733 577)
4(552 578 734 708)
4(577 733 734 578)
4(553 579 735 709)
4(578 734 735 579)
4(554 580 736 710)
4(579 735 736 580)
4(555 581 737 711)
4(580 736 737 581)
4(556 582 738 712)
4(581 737 738 582)
4(557 583 739 713)
4(582 738 739 583)
4(558 584 740 714)
4(583 739 740 584)
4(559 585 741 715)
4(584 740 741 585)
4(560 586 742 716)
4(585 741 742 586)
4(561 587 743 717)
4(586 742 743 587)
4(562 588 744 718)
4(587 743 744 588)
4(563 589 745 719)
4(588 744 745 589)
4(564 590 746 720)
4(589 745 746 590)
4(565 591 747 721)
4(590 746 747 591)
4(566 592 748 722)
4(591 747 748 592)
4(567 593 749 723)
4(592 748 749 593)
4(568 594 750 724)
4(593 749 750 594)
4(569 595 751 725)
4(594 750 751 595)
4(570 596 752 726)
4(595 751 752 596)
4(596 752 753 597)
4(571 597 753 727)
4(573 599 755 729)
4(598 754 755 599)
4(574 600 756 730)
4(599 755 756 600)
4(575 601 757 731)
4(600 756 757 601)
4(576 602 758 732)
4(601 757 758 602)
4(577 603 759 733)
4(602 758 759 603)
4(578 604 760 734)
4(603 759 760 604)
4(579 605 761 735)
4(604 760 761 605)
4(580 606 762 736)
4(605 761 762 606)
4(581 607 763 737)
4(606 762 763 607)
4(582 608 764 738)
4(607 763 764 608)
4(583 609 765 739)
4(608 764 765 609)
4(584 610 766 740)
4(609 765 766 610)
4(585 611 767 741)
4(610 766 767 611)
4(586 612 768 742)
4(611 767 768 612)
4(587 613 769 743)
4(612 768 769 613)
4(588 614 770 744)
4(613 769 770 614)
4(589 615 771 745)
4(614 770 771 615)
4(590 616 772 746)
4(615 771 772 616)
4(591 617 773 747)
4(616 772 773 617)
4(592 618 774 748)
4(617 773 774 618)
4(593 619 775 749)
4(618 774 775 619)
4(594 620 776 750)
4(619 775 776 620)
4(595 621 777 751)
4(620 776 777 621)
4(596 622 778 752)
4(621 777 778 622)
4(622 778 779 623)
4(597 623 779 753)
4(599 625 781 755)
4(600 626 782 756)
4(601 627 783 757)
4(602 628 784 758)
4(603 629 785 759)
4(604 630 786 760)
4(605 631 787 761)
4(606 632 788 762)
4(607 633 789 763)
4(608 634 790 764)
4(609 635 791 765)
4(610 636 792 766)
4(611 637 793 767)
4(612 638 794 768)
4(613 639 795 769)
4(614 640 796 770)
4(615 641 797 771)
4(616 642 798 772)
4(617 643 799 773)
4(618 644 800 774)
4(619 645 801 775)
4(620 646 802 776)
4(621 647 803 777)
4(622 648 804 778)
4(623 649 805 779)
3(806 856 831)
4(25 77 856 806)
4(77 51 831 856)
3(807 857 832)
4(806 856 857 807)
4(856 831 832 857)
3(808 858 833)
4(807 857 858 808)
4(857 832 833 858)
3(809 859 834)
4(808 858 859 809)
4(858 833 834 859)
3(810 860 835)
4(809 859 860 810)
4(859 834 835 860)
3(811 861 836)
4(810 860 861 811)
4(860 835 836 861)
3(812 862 837)
4(811 861 862 812)
4(861 836 837 862)
3(813 863 838)
4(812 862 863 813)
4(862 837 838 863)
3(814 864 839)
4(813 863 864 814)
4(863 838 839 864)
3(815 865 840)
4(814 864 865 815)
4(864 839 840 865)
3(816 866 841)
4(815 865 866 816)
4(865 840 841 866)
3(817 867 842)
4(816 866 867 817)
4(866 841 842 867)
3(818 868 843)
4(817 867 868 818)
4(867 842 843 868)
3(819 869 844)
4(818 868 869 819)
4(868 843 844 869)
3(820 870 845)
4(819 869 870 820)
4(869 844 845 870)
3(821 871 846)
4(820 870 871 821)
4(870 845 846 871)
3(822 872 847)
4(821 871 872 822)
4(871 846 847 872)
3(823 873 848)
4(822 872 873 823)
4(872 847 848 873)
3(824 874 849)
4(823 873 874 824)
4(873 848 849 874)
3(825 875 850)
4(824 874 875 825)
4(874 849 850 875)
3(826 876 851)
4(825 875 876 826)
4(875 850 851 876)
3(827 877 852)
4(826 876 877 827)
4(876 851 852 877)
3(828 878 853)
4(827 877 878 828)
4(877 852 853 878)
3(829 879 854)
4(828 878 879 829)
4(878 853 854 879)
4(829 879 880 830)
4(879 854 855 880)
3(806 881 856)
4(25 103 881 806)
4(103 77 856 881)
3(807 882 857)
4(806 881 882 807)
4(881 856 857 882)
3(808 883 858)
4(807 882 883 808)
4(882 857 858 883)
3(809 884 859)
4(808 883 884 809)
4(883 858 859 884)
3(810 885 860)
4(809 884 885 810)
4(884 859 860 885)
3(811 886 861)
4(810 885 886 811)
4(885 860 861 886)
3(812 887 862)
4(811 886 887 812)
4(886 861 862 887)
3(813 888 863)
4(812 887 888 813)
4(887 862 863 888)
3(814 889 864)
4(813 888 889 814)
4(888 863 864 889)
3(815 890 865)
4(814 889 890 815)
4(889 864 865 890)
3(816 891 866)
4(815 890 891 816)
4(890 865 866 891)
3(817 892 867)
4(816 891 892 817)
4(891 866 867 892)
3(818 893 868)
4(817 892 893 818)
4(892 867 868 893)
3(819 894 869)
4(818 893 894 819)
4(893 868 869 894)
3(820 895 870)
4(819 894 895 820)
4(894 869 870 895)
3(821 896 871)
4(820 895 896 821)
4(895 870 871 896)
3(822 897 872)
4(821 896 897 822)
4(896 871 872 897)
3(823 898 873)
4(822 897 898 823)
4(897 872 873 898)
3(824 899 874)
4(823 898 899 824)
4(898 873 874 899)
3(825 900 875)
4(824 899 900 825)
4(899 874 875 900)
3(826 901 876)
4(825 900 901 826)
4(900 875 876 901)
3(827 902 877)
4(826 901 902 827)
4(901 876 877 902)
3(828 903 878)
4(827 902 903 828)
4(902 877 878 903)
3(829 904 879)
4(828 903 904 829)
4(903 878 879 904)
4(829 904 905 830)
4(904 879 880 905)
3(806 906 881)
4(25 129 906 806)
4(129 103 881 906)
3(807 907 882)
4(806 906 907 807)
4(906 881 882 907)
3(808 908 883)
4(807 907 908 808)
4(907 882 883 908)
3(809 909 884)
4(808 908 909 809)
4(908 883 884 909)
3(810 910 885)
4(809 909 910 810)
4(909 884 885 910)
3(811 911 886)
4(810 910 911 811)
4(910 885 886 911)
3(812 912 887)
4(811 911 912 812)
4(911 886 887 912)
3(813 913 888)
4(812 912 913 813)
4(912 887 888 913)
3(814 914 889)
4(813 913 914 814)
4(913 888 889 914)
3(815 915 890)
4(814 914 915 815)
4(914 889 890 915)
3(816 916 891)
4(815 915 916 816)
4(915 890 891 916)
3(817 917 892)
4(816 916 917 817)
4(916 891 892 917)
3(818 918 893)
4(817 917 918 818)
4(917 892 893 918)
3(819 919 894)
4(818 918 919 819)
4(918 893 894 919)
3(820 920 895)
4(819 919 920 820)
4(919 894 895 920)
3(821 921 896)
4(820 920 921 821)
4(920 895 896 921)
3(822 922 897)
4(821 921 922 822)
4(921 896 897 922)
3(823 923 898)
4(822 922 923 823)
4(922 897 898 923)
3(824 924 899)
4(823 923 924 824)
4(923 898 899 924)
3(825 925 900)
4(824 924 925 825)
4(924 899 900 925)
3(826 926 901)
4(825 925 926 826)
4(925 900 901 926)
3(827 927 902)
4(826 926 927 827)
4(926 901 902 927)
3(828 928 903)
4(827 927 928 828)
4(927 902 903 928)
3(829 929 904)
4(828 928 929 829)
4(928 903 904 929)
4(829 929 930 830)
4(929 904 905 930)
3(806 931 906)
4(25 155 931 806)
4(155 129 906 931)
3(807 932 907)
4(806 931 932 807)
4(931 906 907 932)
3(808 933 908)
4(807 932 933 808)
4(932 907 908 933)
3(809 934 909)
4(808 933 934 809)
4(933 908 909 934)
3(810 935 910)
4(809 934 935 810)
4(934 909 910 935)
3(811 936 911)
4(810 935 936 811)
4(935 910 911 936)
3(812 937 912)
4(811 936 937 812)
4(936 911 912 937)
3(813 938 913)
4(812 937 938 813)
4(937 912 913 938)
3(814 939 914)
4(813 938 939 814)
4(938 913 914 939)
3(815 940 915)
4(814 939 940 815)
4(939 914 915 940)
3(816 941 916)
4(815 940 941 816)
4(940 915 916 941)
3(817 942 917)
4(816 941 942 817)
4(941 916 917 942)
3(818 943 918)
4(817 942 943 818)
4(942 917 918 943)
3(819 944 919)
4(818 943 944 819)
4(943 918 919 944)
3(820 945 920)
4(819 944 945 820)
4(944 919 920 945)
3(821 946 921)
4(820 945 946 821)
4(945 920 921 946)
3(822 947 922)
4(821 946 947 822)
4(946 921 922 947)
3(823 948 923)
4(822 947 948 823)
4(947 922 923 948)
3(824 949 924)
4(823 948 949 824)
4(948 923 924 949)
3(825 950 925)
4(824 949 950 825)
4(949 924 925 950)
3(826 951 926)
4(825 950 951 826)
4(950 925 926 951)
3(827 952 927)
4(826 951 952 827)
4(951 926 927 952)
3(828 953 928)
4(827 952 953 828)
4(952 927 928 953)
3(829 954 929)
4(828 953 954 829)
4(953 928 929 954)
4(829 954 955 830)
4(954 929 930 955)
3(806 956 931)
4(181 155 931 956)
3(807 957 932)
4(956 931 932 957)
3(808 958 933)
4(957 932 933 958)
3(809 959 934)
4(958 933 934 959)
3(810 960 935)
4(959 934 935 960)
3(811 961 936)
4(960 935 936 961)
3(812 962 937)
4(961 936 937 962)
3(813 963 938)
4(962 937 938 963)
3(814 964 939)
4(963 938 939 964)
3(815 965 940)
4(964 939 940 965)
3(816 966 941)
4(965 940 941 966)
3(817 967 942)
4(966 941 942 967)
3(818 968 943)
4(967 942 943 968)
3(819 969 944)
4(968 943 944 969)
3(820 970 945)
4(969 944 945 970)
3(821 971 946)
4(970 945 946 971)
3(822 972 947)
4(971 946 947 972)
3(823 973 948)
4(972 947 948 973)
3(824 974 949)
4(973 948 949 974)
3(825 975 950)
4(974 949 950 975)
3(826 976 951)
4(975 950 951 976)
3(827 977 952)
4(976 951 952 977)
3(828 978 953)
4(977 952 953 978)
3(829 979 954)
4(978 953 954 979)
4(979 954 955 980)
4(831 856 1006 981)
4(77 233 1006 856)
4(207 981 1006 233)
4(832 857 1007 982)
4(856 1006 1007 857)
4(981 982 1007 1006)
4(833 858 1008 983)
4(857 1007 1008 858)
4(982 983 1008 1007)
4(834 859 1009 984)
4(858 1008 1009 859)
4(983 984 1009 1008)
4(835 860 1010 985)
4(859 1009 1010 860)
4(984 985 1010 1009)
4(836 861 1011 986)
4(860 1010 1011 861)
4(985 986 1011 1010)
4(837 862 1012 987)
4(861 1011 1012 862)
4(986 987 1012 1011)
4(838 863 1013 988)
4(862 1012 1013 863)
4(987 988 1013 1012)
4(839 864 1014 989)
4(863 1013 1014 864)
4(988 989 1014 1013)
4(840 865 1015 990)
4(864 1014 1015 865)
4(989 990 1015 1014)
4(841 866 1016 991)
4(865 1015 1016 866)
4(990 991 1016 1015)
4(842 867 1017 992)
4(866 1016 1017 867)
4(991 992 1017 1016)
4(843 868 1018 993)
4(867 1017 1018 868)
4(992 993 1018 1017)
4(844 869 1019 994)
4(868 1018 1019 869)
4(993 994 1019 1018)
4(845 870 1020 995)
4(869 1019 1020 870)
4(994 995 1020 1019)
4(846 871 1021 996)
4(870 1020 1021 871)
4(995 996 1021 1020)
4(847 872 1022 997)
4(871 1021 1022 872)
4(996 997 1022 1021)
4(848 873 1023 998)
4(872 1022 1023 873)
4(997 998 1023 1022)
4(849 874 1024 999)
4(873 1023 1024 874)
4(998 999 1024 1023)
4(850 875 1025 1000)
4(874 1024 1025 875)
4(999 1000 1025 1024)
4(851 876 1026 1001)
4(875 1025 1026 876)
4(1000 1001 1026 1025)
4(852 877 1027 1002)
4(876 1026 1027 877)
4(1001 1002 1027 1026)
4(853 878 1028 1003)
4(877 1027 1028 878)
4(1002 1003 1028 1027)
4(854 879 1029 1004)
4(878 1028 1029 879)
4(1003 1004 1029 1028)
4(879 1029 1030 880)
4(1004 1005 1030 1029)
4(856 881 1031 1006)
4(103 259 1031 881)
4(233 1006 1031 259)
4(857 882 1032 1007)
4(881 1031 1032 882)
4(1006 1007 1032 1031)
4(858 883 1033 1008)
4(882 1032 1033 883)
4(1007 1008 1033 1032)
4(859 884 1034 1009)
4(883 1033 1034 884)
4(1008 1009 1034 1033)
4(860 885 1035 1010)
4(884 1034 1035 885)
4(1009 1010 1035 1034)
4(861 886 1036 1011)
4(885 1035 1036 886)
4(1010 1011 1036 1035)
4(862 887 1037 1012)
4(886 1036 1037 887)
4(1011 1012 1037 1036)
4(863 888 1038 1013)
4(887 1037 1038 888)
4(1012 1013 1038 1037)
4(864 889 1039 1014)
4(888 1038 1039 889)
4(1013 1014 1039 1038)
4(865 890 1040 1015)
4(889 1039 1040 890)
4(1014 1015 1040 1039)
4(866 891 1041 1016)
4(890 1040 1041 891)
4(1015 1016 1041 1040)
4(867 892 1042 1017)
4(891 1041 1042 892)
4(1016 1017 1042 1041)
4(868 893 1043 1018)
4(892 1042 1043 893)
4(1017 1018 1043 1042)
4(869 894 1044 1019)
4(893 1043 1044 894)
4(1018 1019 1044 1043)
4(870 895 1045 1020)
4(894 1044 1045 895)
4(1019 1020 1045 1044)
4(871 896 1046 1021)
4(895 1045 1046 896)
4(1020 1021 1046 1045)
4(872 897 1047 1022)
4(896 1046 1047 897)
4(1021 1022 1047 1046)
4(873 898 1048 1023)
4(897 1047 1048 898)
4(1022 1023 1048 1047)
4(874 899 1049 1024)
4(898 1048 1049 899)
4(1023 1024 1049 1048)
4(875 900 1050 1025)
4(899 1049 1050 900)
4(1024 1025 1050 1049)
4(876 901 1051 1026)
4(900 1050 1051 901)
4(1025 1026 1051 1050)
4(877 902 1052 1027)
4(901 1051 1052 902)
4(1026 1027 1052 1051)
4(878 903 1053 1028)
4(902 1052 1053 903)
4(1027 1028 1053 1052)
4(879 904 1054 1029)
4(903 1053 1054 904)
4(1028 1029 1054 1053)
4(904 1054 1055 905)
4(1029 1030 1055 1054)
4(881 906 1056 1031)
4(129 285 1056 906)
4(259 1031 1056 285)
4(882 907 1057 1032)
4(906 1056 1057 907)
4(1031 1032 1057 1056)
4(883 908 1058 1033)
4(907 1057 1058 908)
4(1032 1033 1058 1057)
4(884 909 1059 1034)
4(908 1058 1059 909)
4(1033 1034 1059 1058)
4(885 910 1060 1035)
4(909 1059 1060 910)
4(1034 1035 1060 1059)
4(886 911 1061 1036)
4(910 1060 1061 911)
4(1035 1036 1061 1060)
4(887 912 1062 1037)
4(911 1061 1062 912)
4(1036 1037 1062 1061)
4(888 913 1063 1038)
4(912 1062 1063 913)
4(1037 1038 1063 1062)
4(889 914 1064 1039)
4(913 1063 1064 914)
4(1038 1039 1064 1063)
4(890 915 1065 1040)
4(914 1064 1065 915)
4(1039 1040 1065 1064)
4(891 916 1066 1041)
4(915 1065 1066 916)
4(1040 1041 1066 1065)
4(892 917 1067 1042)
4(916 1066 1067 917)
4(1041 1042 1067 1066)
4(893 918 1068 1043)
4(917 1067 1068 918)
4(1042 1043 1068 1067)
4(894 919 1069 1044)
4(918 1068 1069 919)
4(1043 1044 1069 1068)
4(895 920 1070 1045)
4(919 1069 1070 920)
4(1044 1045 1070 1069)
4(896 921 1071 1046)
4(920 1070 1071 921)
4(1045 1046 1071 1070)
4(897 922 1072 1047)
4(921 1071 1072 922)
4(1046 1047 1072 1071)
4(898 923 1073 1048)
4(922 1072 1073 923)
4(1047 1048 1073 1072)
4(899 924 1074 1049)
4(923 1073 1074 924)
4(1048 1049 1074 1073)
4(900 925 1075 1050)
4(924 1074 1075 925)
4(1049 1050 1075 1074)
4(901 926 1076 1051)
4(925 1075 1076 926)
4(1050 1051 1076 1075)
4(902 927 1077 1052)
4(926 1076 1077 927)
4(1051 1052 1077 1076)
4(903 928 1078 1053)
4(927 1077 1078 928)
4(1052 1053 1078 1077)
4(904 929 1079 1054)
4(928 1078 1079 929)
4(1053 1054 1079 1078)
4(929 1079 1080 930)
4(1054 1055 1080 1079)
4(906 931 1081 1056)
4(155 311 1081 931)
4(285 1056 1081 311)
4(907 932 1082 1057)
4(931 1081 1082 932)
4(1056 1057 1082 1081)
4(908 933 1083 1058)
4(932 1082 1083 933)
4(1057 1058 1083 1082)
4(909 934 1084 1059)
4(933 1083 1084 934)
4(1058 1059 1084 1083)
4(910 935 1085 1060)
4(934 1084 1085 935)
4(1059 1060 1085 1084)
4(911 936 1086 1061)
4(935 1085 1086 936)
4(1060 1061 1086 1085)
4(912 937 1087 1062)
4(936 1086 1087 937)
4(1061 1062 1087 1086)
4(913 938 1088 1063)
4(937 1087 1088 938)
4(1062 1063 1088 1087)
4(914 939 1089 1064)
4(938 1088 1089 939)
4(1063 1064 1089 1088)
4(915 940 1090 1065)
4(939 1089 1090 940)
4(1064 1065 1090 1089)
4(916 941 1091 1066)
4(940 1090 1091 941)
4(1065 1066 1091 1090)
4(917 942 1092 1067)
4(941 1091 1092 942)
4(1066 1067 1092 1091)
4(918 943 1093 1068)
4(942 1092 1093 943)
4(1067 1068 1093 1092)
4(919 944 1094 1069)
4(943 1093 1094 944)
4(1068 1069 1094 1093)
4(920 945 1095 1070)
4(944 1094 1095 945)
4(1069 1070 1095 1094)
4(921 946 1096 1071)
4(945 1095 1096 946)
4(1070 1071 1096 1095)
4(922 947 1097 1072)
4(946 1096 1097 947)
4(1071 1072 1097 1096)
4(923 948 1098 1073)
4(947 1097 1098 948)
4(1072 1073 1098 1097)
4(924 949 1099 1074)
4(948 1098 1099 949)
4(1073 1074 1099 1098)
4(925 950 1100 1075)
4(949 1099 1100 950)
4(1074 1075 1100 1099)
4(926 951 1101 1076)
4(950 1100 1101 951)
4(1075 1076 1101 1100)
4(927 952 1102 1077)
4(951 1101 1102 952)
4(1076 1077 1102 1101)
4(928 953 1103 1078)
4(952 1102 1103 953)
4(1077 1078 1103 1102)
4(929 954 1104 1079)
4(953 1103 1104 954)
4(1078 1079 1104 1103)
4(954 1104 1105 955)
4(1079 1080 1105 1104)
4(931 956 1106 1081)
4(311 1081 1106 337)
4(932 957 1107 1082)
4(1081 1082 1107 1106)
4(933 958 1108 1083)
4(1082 1083 1108 1107)
4(934 959 1109 1084)
4(1083 1084 1109 1108)
4(935 960 1110 1085)
4(1084 1085 1110 1109)
4(936 961 1111 1086)
4(1085 1086 1111 1110)
4(937 962 1112 1087)
4(1086 1087 1112 1111)
4(938 963 1113 1088)
4(1087 1088 1113 1112)
4(939 964 1114 1089)
4(1088 1089 1114 1113)
4(940 965 1115 1090)
4(1089 1090 1115 1114)
4(941 966 1116 1091)
4(1090 1091 1116 1115)
4(942 967 1117 1092)
4(1091 1092 1117 1116)
4(943 968 1118 1093)
4(1092 1093 1118 1117)
4(944 969 1119 1094)
4(1093 1094 1119 1118)
4(945 970 1120 1095)
4(1094 1095 1120 1119)
4(946 971 1121 1096)
4(1095 1096 1121 1120)
4(947 972 1122 1097)
4(1096 1097 1122 1121)
4(948 973 1123 1098)
4(1097 1098 1123 1122)
4(949 974 1124 1099)
4(1098 1099 1124 1123)
4(950 975 1125 1100)
4(1099 1100 1125 1124)
4(951 976 1126 1101)
4(1100 1101 1126 1125)
4(952 977 1127 1102)
4(1101 1102 1127 1126)
4(953 978 1128 1103)
4(1102 1103 1128 1127)
4(954 979 1129 1104)
4(1103 1104 1129 1128)
4(1104 1105 1130 1129)
4(981 1006 1156 1131)
4(233 389 1156 1006)
4(363 1131 1156 389)
4(982 1007 1157 1132)
4(1006 1156 1157 1007)
4(1131 1132 1157 1156)
4(983 1008 1158 1133)
4(1007 1157 1158 1008)
4(1132 1133 1158 1157)
4(984 1009 1159 1134)
4(1008 1158 1159 1009)
4(1133 1134 1159 1158)
4(985 1010 1160 1135)
4(1009 1159 1160 1010)
4(1134 1135 1160 1159)
4(986 1011 1161 1136)
4(1010 1160 1161 1011)
4(1135 1136 1161 1160)
4(987 1012 1162 1137)
4(1011 1161 1162 1012)
4(1136 1137 1162 1161)
4(988 1013 1163 1138)
4(1012 1162 1163 1013)
4(1137 1138 1163 1162)
4(989 1014 1164 1139)
4(1013 1163 1164 1014)
4(1138 1139 1164 1163)
4(990 1015 1165 1140)
4(1014 1164 1165 1015)
4(1139 1140 1165 1164)
4(991 1016 1166 1141)
4(1015 1165 1166 1016)
4(1140 1141 1166 1165)
4(992 1017 1167 1142)
4(1016 1166 1167 1017)
4(1141 1142 1167 1166)
4(993 1018 1168 1143)
4(1017 1167 1168 1018)
4(1142 1143 1168 1167)
4(994 1019 1169 1144)
4(1018 1168 1169 1019)
4(1143 1144 1169 1168)
4(995 1020 1170 1145)
4(1019 1169 1170 1020)
4(1144 1145 1170 1169)
4(996 1021 1171 1146)
4(1020 1170 1171 1021)
4(1145 1146 1171 1170)
4(997 1022 1172 1147)
4(1021 1171 1172 1022)
4(1146 1147 1172 1171)
4(998 1023 1173 1148)
4(1022 1172 1173 1023)
4(1147 1148 1173 1172)
4(999 1024 1174 1149)
4(1023 1173 1174 1024)
4(1148 1149 1174 1173)
4(1000 1025 1175 1150)
4(1024 1174 1175 1025)
4(1149 1150 1175 1174)
4(1001 1026 1176 1151)
4(1025 1175 1176 1026)
4(1150 1151 1176 1175)
4(1002 1027 1177 1152)
4(1026 1176 1177 1027)
4(1151 1152 1177 1176)
4(1003 1028 1178 1153)
4(1027 1177 1178 1028)
4(1152 1153 1178 1177)
4(1004 1029 1179 1154)
4(1028 1178 1179 1029)
4(1153 1154 1179 1178)
4(1029 1179 1180 1030)
4(1154 1155 1180 1179)
4(1006 1031 1181 1156)
4(259 415 1181 1031)
4(389 1156 1181 415)
4(1007 1032 1182 1157)
4(1031 1181 1182 1032)
4(1156 1157 1182 1181)
4(1008 1033 1183 1158)
4(1032 1182 1183 1033)
4(1157 1158 1183 1182)
4(1009 1034 1184 1159)
4(1033 1183 1184 1034)
4(1158 1159 1184 1183)
4(1010 1035 1185 1160)
4(1034 1184 1185 1035)
4(1159 1160 1185 1184)
4(1011 1036 1186 1161)
4(1035 1185 1186 1036)
4(1160 1161 1186 1185)
4(1012 1037 1187 1162)
4(1036 1186 1187 1037)
4(1161 1162 1187 1186)
4(1013 1038 1188 1163)
4(1037 1187 1188 1038)
4(1162 1163 1188 1187)
4(1014 1039 1189 1164)
4(1038 1188 1189 1039)
4(1163 1164 1189 1188)
4(1015 1040 1190 1165)
4(1039 1189 1190 1040)
4(1164 1165 1190 1189)
4(1016 1041 1191 1166)
4(1040 1190 1191 1041)
4(1165 1166 1191 1190)
4(1017 1042 1192 1167)
4(1041 1191 1192 1042)
4(1166 1167 1192 1191)
4(1018 1043 1193 1168)
4(1042 1192 1193 1043)
4(1167 1168 1193 1192)
4(1019 1044 1194 1169)
4(1043 1193 1194 1044)
4(1168 1169 1194 1193)
4(1020 1045 1195 1170)
4(1044 1194 1195 1045)
4(1169 1170 1195 1194)
4(1021 1046 1196 1171)
4(1045 1195 1196 1046)
4(1170 1171 1196 1195)
4(1022 1047 1197 1172)
4(1046 1196 1197 1047)
4(1171 1172 1197 1196)
4(1023 1048 1198 1173)
4(1047 1197 1198 1048)
4(1172 1173 1198 1197)
4(1024 1049 1199 1174)
4(1048 1198 1199 1049)
4(1173 1174 1199 1198)
4(1025 1050 1200 1175)
4(1049 1199 1200 1050)
4(1174 1175 1200 1199)
4(1026 1051 1201 1176)
4(1050 1200 1201 1051)
4(1175 1176 1201 1200)
4(1027 1052 1202 1177)
4(1051 1201 1202 1052)
4(1176 1177 1202 1201)
4(1028 1053 1203 1178)
4(1052 1202 1203 1053)
4(1177 1178 1203 1202)
4(1029 1054 1204 1179)
4(1053 1203 1204 1054)
4(1178 1179 1204 1203)
4(1054 1204 1205 1055)
4(1179 1180 1205 1204)
4(1031 1056 1206 1181)
4(285 441 1206 1056)
4(415 1181 1206 441)
4(1032 1057 1207 1182)
4(1056 1206 1207 1057)
4(1181 1182 1207 1206)
4(1033 1058 1208 1183)
4(1057 1207 1208 1058)
4(1182 1183 1208 1207)
4(1034 1059 1209 1184)
4(1058 1208 1209 1059)
4(1183 1184 1209 1208)
4(1035 1060 1210 1185)
4(1059 1209 1210 1060)
4(1184 1185 1210 1209)
4(1036 1061 1211 1186)
4(1060 1210 1211 1061)
4(1185 1186 1211 1210)
4(1037 1062 1212 1187)
4(1061 1211 1212 1062)
4(1186 1187 1212 1211)
4(1038 1063 1213 1188)
4(1062 1212 1213 1063)
4(1187 1188 1213 1212)
4(1039 1064 1214 1189)
4(1063 1213 1214 1064)
4(1188 1189 1214 1213)
4(1040 1065 1215 1190)
4(1064 1214 1215 1065)
4(1189 1190 1215 1214)
4(1041 1066 1216 1191)
4(1065 1215 1216 1066)
4(1190 1191 1216 1215)
4(1042 1067 1217 1192)
4(1066 1216 1217 1067)
4(1191 1192 1217 1216)
4(1043 1068 1218 1193)
4(1067 1217 1218 1068)
4(1192 1193 1218 1217)
4(1044 1069 1219 1194)
4(1068 1218 1219 1069)
4(1193 1194 1219 1218)
4(1045 1070 1220 1195)
4(1069 1219 1220 1070)
4(1194 1195 1220 1219)
4(1046 1071 1221 1196)
4(1070 1220 1221 1071)
4(1195 1196 1221 1220)
4(1047 1072 1222 1197)
4(1071 1221 1222 1072)
4(1196 1197 1222 1221)
4(1048 1073 1223 1198)
4(1072 1222 1223 1073)
4(1197 1198 1223 1222)
4(1049 1074 1224 1199)
4(1073 1223 1224 1074)
4(1198 1199 1224 1223)
4(1050 1075 1225 1200)
4(1074 1224 1225 1075)
4(1199 1200 1225 1224)
4(1051 1076 1226 1201)
4(1075 1225 1226 1076)
4(1200 1201 1226 1225)
4(1052 1077 1227 1202)
4(1076 1226 1227 1077)
4(1201 1202 1227 1226)
4(1053 1078 1228 1203)
4(1077 1227 1228 1078)
4(1202 1203 1228 1227)
4(1054 1079 1229 1204)
4(1078 1228 1229 1079)
4(1203 1204 1229 1228)
4(1079 1229 1230 1080)
4(1204 1205 1230 1229)
4(1056 1081 1231 1206)
4(311 467 1231 1081)
4(441 1206 1231 467)
4(1057 1082 1232 1207)
4(1081 1231 1232 1082)
4(1206 1207 1232 1231)
4(1058 1083 1233 1208)
4(1082 1232 1233 1083)
4(1207 1208 1233 1232)
4(1059 1084 1234 1209)
4(1083 1233 1234 1084)
4(1208 1209 1234 1233)
4(1060 1085 1235 1210)
4(1084 1234 1235 1085)
4(1209 1210 1235 1234)
4(1061 1086 1236 1211)
4(1085 1235 1236 1086)
4(1210 1211 1236 1235)
4(1062 1087 1237 1212)
4(1086 1236 1237 1087)
4(1211 1212 1237 1236)
4(1063 1088 1238 1213)
4(1087 1237 1238 1088)
4(1212 1213 1238 1237)
4(1064 1089 1239 1214)
4(1088 1238 1239 1089)
4(1213 1214 1239 1238)
4(1065 1090 1240 1215)
4(1089 1239 1240 1090)
4(1214 1215 1240 1239)
4(1066 1091 1241 1216)
4(1090 1240 1241 1091)
4(1215 1216 1241 1240)
4(1067 1092 1242 1217)
4(1091 1241 1242 1092)
4(1216 1217 1242 1241)
4(1068 1093 1243 1218)
4(1092 1242 1243 1093)
4(1217 1218 1243 1242)
4(1069 1094 1244 1219)
4(1093 1243 1244 1094)
4(1218 1219 1244 1243)
4(1070 1095 1245 1220)
4(1094 1244 1245 1095)
4(1219 1220 1245 1244)
4(1071 1096 1246 1221)
4(1095 1245 1246 1096)
4(1220 1221 1246 1245)
4(1072 1097 1247 1222)
4(1096 1246 1247 1097)
4(1221 1222 1247 1246)
4(1073 1098 1248 1223)
4(1097 1247 1248 1098)
4(1222 1223 1248 1247)
4(1074 1099 1249 1224)
4(1098 1248 1249 1099)
4(1223 1224 1249 1248)
4(1075 1100 1250 1225)
4(1099 1249 1250 1100)
4(1224 1225 1250 1249)
4(1076 1101 1251 1226)
4(1100 1250 1251 1101)
4(1225 1226 1251 1250)
4(1077 1102 1252 1227)
4(1101 1251 1252 1102)
4(1226 1227 1252 1251)
4(1078 1103 1253 1228)
4(1102 1252 1253 1103)
4(1227 1228 1253 1252)
4(1079 1104 1254 1229)
4(1103 1253 1254 1104)
4(1228 1229 1254 1253)
4(1104 1254 1255 1105)
4(1229 1230 1255 1254)
4(1081 1106 1256 1231)
4(467 1231 1256 493)
4(1082 1107 1257 1232)
4(1231 1232 1257 1256)
4(1083 1108 1258 1233)
4(1232 1233 1258 1257)
4(1084 1109 1259 1234)
4(1233 1234 1259 1258)
4(1085 1110 1260 1235)
4(1234 1235 1260 1259)
4(1086 1111 1261 1236)
4(1235 1236 1261 1260)
4(1087 1112 1262 1237)
4(1236 1237 1262 1261)
4(1088 1113 1263 1238)
4(1237 1238 1263 1262)
4(1089 1114 1264 1239)
4(1238 1239 1264 1263)
4(1090 1115 1265 1240)
4(1239 1240 1265 1264)
4(1091 1116 1266 1241)
4(1240 1241 1266 1265)
4(1092 1117 1267 1242)
4(1241 1242 1267 1266)
4(1093 1118 1268 1243)
4(1242 1243 1268 1267)
4(1094 1119 1269 1244)
4(1243 1244 1269 1268)
4(1095 1120 1270 1245)
4(1244 1245 1270 1269)
4(1096 1121 1271 1246)
4(1245 1246 1271 1270)
4(1097 1122 1272 1247)
4(1246 1247 1272 1271)
4(1098 1123 1273 1248)
4(1247 1248 1273 1272)
4(1099 1124 1274 1249)
4(1248 1249 1274 1273)
4(1100 1125 1275 1250)
4(1249 1250 1275 1274)
4(1101 1126 1276 1251)
4(1250 1251 1276 1275)
4(1102 1127 1277 1252)
4(1251 1252 1277 1276)
4(1103 1128 1278 1253)
4(1252 1253 1278 1277)
4(1104 1129 1279 1254)
4(1253 1254 1279 1278)
4(1254 1255 1280 1279)
4(1131 1156 1306 1281)
4(389 545 1306 1156)
4(519 1281 1306 545)
4(1132 1157 1307 1282)
4(1156 1306 1307 1157)
4(1281 1282 1307 1306)
4(1133 1158 1308 1283)
4(1157 1307 1308 1158)
4(1282 1283 1308 1307)
4(1134 1159 1309 1284)
4(1158 1308 1309 1159)
4(1283 1284 1309 1308)
4(1135 1160 1310 1285)
4(1159 1309 1310 1160)
4(1284 1285 1310 1309)
4(1136 1161 1311 1286)
4(1160 1310 1311 1161)
4(1285 1286 1311 1310)
4(1137 1162 1312 1287)
4(1161 1311 1312 1162)
4(1286 1287 1312 1311)
4(1138 1163 1313 1288)
4(1162 1312 1313 1163)
4(1287 1288 1313 1312)
4(1139 1164 1314 1289)
4(1163 1313 1314 1164)
4(1288 1289 1314 1313)
4(1140 1165 1315 1290)
4(1164 1314 1315 1165)
4(1289 1290 1315 1314)
4(1141 1166 1316 1291)
4(1165 1315 1316 1166)
4(1290 1291 1316 1315)
4(1142 1167 1317 1292)
4(1166 1316 1317 1167)
4(1291 1292 1317 1316)
4(1143 1168 1318 1293)
4(1167 1317 1318 1168)
4(1292 1293 1318 1317)
4(1144 1169 1319 1294)
4(1168 1318 1319 1169)
4(1293 1294 1319 1318)
4(1145 1170 1320 1295)
4(1169 1319 1320 1170)
4(1294 1295 1320 1319)
4(1146 1171 1321 1296)
4(1170 1320 1321 1171)
4(1295 1296 1321 1320)
4(1147 1172 1322 1297)
4(1171 1321 1322 1172)
4(1296 1297 1322 1321)
4(1148 1173 1323 1298)
4(1172 1322 1323 1173)
4(1297 1298 1323 1322)
4(1149 1174 1324 1299)
4(1173 1323 1324 1174)
4(1298 1299 1324 1323)
4(1150 1175 1325 1300)
4(1174 1324 1325 1175)
4(1299 1300 1325 1324)
4(1151 1176 1326 1301)
4(1175 1325 1326 1176)
4(1300 1301 1326 1325)
4(1152 1177 1327 1302)
4(1176 1326 1327 1177)
4(1301 1302 1327 1326)
4(1153 1178 1328 1303)
4(1177 1327 1328 1178)
4(1302 1303 1328 1327)
4(1154 1179 1329 1304)
4(1178 1328 1329 1179)
4(1303 1304 1329 1328)
4(1179 1329 1330 1180)
4(1304 1305 1330 1329)
4(1156 1181 1331 1306)
4(415 571 1331 1181)
4(545 1306 1331 571)
4(1157 1182 1332 1307)
4(1181 1331 1332 1182)
4(1306 1307 1332 1331)
4(1158 1183 1333 1308)
4(1182 1332 1333 1183)
4(1307 1308 1333 1332)
4(1159 1184 1334 1309)
4(1183 1333 1334 1184)
4(1308 1309 1334 1333)
4(1160 1185 1335 1310)
4(1184 1334 1335 1185)
4(1309 1310 1335 1334)
4(1161 1186 1336 1311)
4(1185 1335 1336 1186)
4(1310 1311 1336 1335)
4(1162 1187 1337 1312)
4(1186 1336 1337 1187)
4(1311 1312 1337 1336)
4(1163 1188 1338 1313)
4(1187 1337 1338 1188)
4(1312 1313 1338 1337)
4(1164 1189 1339 1314)
4(1188 1338 1339 1189)
4(1313 1314 1339 1338)
4(1165 1190 1340 1315)
4(1189 1339 1340 1190)
4(1314 1315 1340 1339)
4(1166 1191 1341 1316)
4(1190 1340 1341 1191)
4(1315 1316 1341 1340)
4(1167 1192 1342 1317)
4(1191 1341 1342 1192)
4(1316 1317 1342 1341)
4(1168 1193 1343 1318)
4(1192 1342 1343 1193)
4(1317 1318 1343 1342)
4(1169 1194 1344 1319)
4(1193 1343 1344 1194)
4(1318 1319 1344 1343)
4(1170 1195 1345 1320)
4(1194 1344 1345 1195)
4(1319 1320 1345 1344)
4(1171 1196 1346 1321)
4(1195 1345 1346 1196)
4(1320 1321 1346 1345)
4(1172 1197 1347 1322)
4(1196 1346 1347 1197)
4(1321 1322 1347 1346)
4(1173 1198 1348 1323)
4(1197 1347 1348 1198)
4(1322 1323 1348 1347)
4(1174 1199 1349 1324)
4(1198 1348 1349 1199)
4(1323 1324 1349 1348)
4(1175 1200 1350 1325)
4(1199 1349 1350 1200)
4(1324 1325 1350 1349)
4(1176 1201 1351 1326)
4(1200 1350 1351 1201)
4(1325 1326 1351 1350)
4(1177 1202 1352 1327)
4(1201 1351 1352 1202)
4(1326 1327 1352 1351)
4(1178 1203 1353 1328)
4(1202 1352 1353 1203)
4(1327 1328 1353 1352)
4(1179 1204 1354 1329)
4(1203 1353 1354 1204)
4(1328 1329 1354 1353)
4(1204 1354 1355 1205)
4(1329 1330 1355 1354)
4(1181 1206 1356 1331)
4(441 597 1356 1206)
4(571 1331 1356 597)
4(1182 1207 1357 1332)
4(1206 1356 1357 1207)
4(1331 1332 1357 1356)
4(1183 1208 1358 1333)
4(1207 1357 1358 1208)
4(1332 1333 1358 1357)
4(1184 1209 1359 1334)
4(1208 1358 1359 1209)
4(1333 1334 1359 1358)
4(1185 1210 1360 1335)
4(1209 1359 1360 1210)
4(1334 1335 1360 1359)
4(1186 1211 1361 1336)
4(1210 1360 1361 1211)
4(1335 1336 1361 1360)
4(1187 1212 1362 1337)
4(1211 1361 1362 1212)
4(1336 1337 1362 1361)
4(1188 1213 1363 1338)
4(1212 1362 1363 1213)
4(1337 1338 1363 1362)
4(1189 1214 1364 1339)
4(1213 1363 1364 1214)
4(1338 1339 1364 1363)
4(1190 1215 1365 1340)
4(1214 1364 1365 1215)
4(1339 1340 1365 1364)
4(1191 1216 1366 1341)
4(1215 1365 1366 1216)
4(1340 1341 1366 1365)
4(1192 1217 1367 1342)
4(1216 1366 1367 1217)
4(1341 1342 1367 1366)
4(1193 1218 1368 1343)
4(1217 1367 1368 1218)
4(1342 1343 1368 1367)
4(1194 1219 1369 1344)
4(1218 1368 1369 1219)
4(1343 1344 1369 1368)
4(1195 1220 1370 1345)
4(1219 1369 1370 1220)
4(1344 1345 1370 1369)
4(1196 1221 1371 1346)
4(1220 1370 1371 1221)
4(1345 1346 1371 1370)
4(1197 1222 1372 1347)
4(1221 1371 1372 1222)
4(1346 1347 1372 1371)
4(1198 1223 1373 1348)
4(1222 1372 1373 1223)
4(1347 1348 1373 1372)
4(1199 1224 1374 1349)
4(1223 1373 1374 1224)
4(1348 1349 1374 1373)
4(1200 1225 1375 1350)
4(1224 1374 1375 1225)
4(1349 1350 1375 1374)
4(1201 1226 1376 1351)
4(1225 1375 1376 1226)
4(1350 1351 1376 1375)
4(1202 1227 1377 1352)
4(1226 1376 1377 1227)
4(1351 1352 1377 1376)
4(1203 1228 1378 1353)
4(1227 1377 1378 1228)
4(1352 1353 1378 1377)
4(1204 1229 1379 1354)
4(1228 1378 1379 1229)
4(1353 1354 1379 1378)
4(1229 1379 1380 1230)
4(1354 1355 1380 1379)
4(1206 1231 1381 1356)
4(467 623 1381 1231)
4(597 1356 1381 623)
4(1207 1232 1382 1357)
4(1231 1381 1382 1232)
4(1356 1357 1382 1381)
4(1208 1233 1383 1358)
4(1232 1382 1383 1233)
4(1357 1358 1383 1382)
4(1209 1234 1384 1359)
4(1233 1383 1384 1234)
4(1358 1359 1384 1383)
4(1210 1235 1385 1360)
4(1234 1384 1385 1235)
4(1359 1360 1385 1384)
4(1211 1236 1386 1361)
4(1235 1385 1386 1236)
4(1360 1361 1386 1385)
4(1212 1237 1387 1362)
4(1236 1386 1387 1237)
4(1361 1362 1387 1386)
4(1213 1238 1388 1363)
4(1237 1387 1388 1238)
4(1362 1363 1388 1387)
4(1214 1239 1389 1364)
4(1238 1388 1389 1239)
4(1363 1364 1389 1388)
4(1215 1240 1390 1365)
4(1239 1389 1390 1240)
4(1364 1365 1390 1389)
4(1216 1241 1391 1366)
4(1240 1390 1391 1241)
4(1365 1366 1391 1390)
4(1217 1242 1392 1367)
4(1241 1391 1392 1242)
4(1366 1367 1392 1391)
4(1218 1243 1393 1368)
4(1242 1392 1393 1243)
4(1367 1368 1393 1392)
4(1219 1244 1394 1369)
4(1243 1393 1394 1244)
4(1368 1369 1394 1393)
4(1220 1245 1395 1370)
4(1244 1394 1395 1245)
4(1369 1370 1395 1394)
4(1221 1246 1396 1371)
4(1245 1395 1396 1246)
4(1370 1371 1396 1395)
4(1222 1247 1397 1372)
4(1246 1396 1397 1247)
4(1371 1372 1397 1396)
4(1223 1248 1398 1373)
4(1247 1397 1398 1248)
4(1372 1373 1398 1397)
4(1224 1249 1399 1374)
4(1248 1398 1399 1249)
4(1373 1374 1399 1398)
4(1225 1250 1400 1375)
4(1249 1399 1400 1250)
4(1374 1375 1400 1399)
4(1226 1251 1401 1376)
4(1250 1400 1401 1251)
4(1375 1376 1401 1400)
4(1227 1252 1402 1377)
4(1251 1401 1402 1252)
4(1376 1377 1402 1401)
4(1228 1253 1403 1378)
4(1252 1402 1403 1253)
4(1377 1378 1403 1402)
4(1229 1254 1404 1379)
4(1253 1403 1404 1254)
4(1378 1379 1404 1403)
4(1254 1404 1405 1255)
4(1379 1380 1405 1404)
4(1231 1256 1406 1381)
4(623 1381 1406 649)
4(1232 1257 1407 1382)
4(1381 1382 1407 1406)
4(1233 1258 1408 1383)
4(1382 1383 1408 1407)
4(1234 1259 1409 1384)
4(1383 1384 1409 1408)
4(1235 1260 1410 1385)
4(1384 1385 1410 1409)
4(1236 1261 1411 1386)
4(1385 1386 1411 1410)
4(1237 1262 1412 1387)
4(1386 1387 1412 1411)
4(1238 1263 1413 1388)
4(1387 1388 1413 1412)
4(1239 1264 1414 1389)
4(1388 1389 1414 1413)
4(1240 1265 1415 1390)
4(1389 1390 1415 1414)
4(1241 1266 1416 1391)
4(1390 1391 1416 1415)
4(1242 1267 1417 1392)
4(1391 1392 1417 1416)
4(1243 1268 1418 1393)
4(1392 1393 1418 1417)
4(1244 1269 1419 1394)
4(1393 1394 1419 1418)
4(1245 1270 1420 1395)
4(1394 1395 1420 1419)
4(1246 1271 1421 1396)
4(1395 1396 1421 1420)
4(1247 1272 1422 1397)
4(1396 1397 1422 1421)
4(1248 1273 1423 1398)
4(1397 1398 1423 1422)
4(1249 1274 1424 1399)
4(1398 1399 1424 1423)
4(1250 1275 1425 1400)
4(1399 1400 1425 1424)
4(1251 1276 1426 1401)
4(1400 1401 1426 1425)
4(1252 1277 1427 1402)
4(1401 1402 1427 1426)
4(1253 1278 1428 1403)
4(1402 1403 1428 1427)
4(1254 1279 1429 1404)
4(1403 1404 1429 1428)
4(1404 1405 1430 1429)
4(1281 1306 1456 1431)
4(545 701 1456 1306)
4(1282 1307 1457 1432)
4(1306 1456 1457 1307)
4(1283 1308 1458 1433)
4(1307 1457 1458 1308)
4(1284 1309 1459 1434)
4(1308 1458 1459 1309)
4(1285 1310 1460 1435)
4(1309 1459 1460 1310)
4(1286 1311 1461 1436)
4(1310 1460 1461 1311)
4(1287 1312 1462 1437)
4(1311 1461 1462 1312)
4(1288 1313 1463 1438)
4(1312 1462 1463 1313)
4(1289 1314 1464 1439)
4(1313 1463 1464 1314)
4(1290 1315 1465 1440)
4(1314 1464 1465 1315)
4(1291 1316 1466 1441)
4(1315 1465 1466 1316)
4(1292 1317 1467 1442)
4(1316 1466 1467 1317)
4(1293 1318 1468 1443)
4(1317 1467 1468 1318)
4(1294 1319 1469 1444)
4(1318 1468 1469 1319)
4(1295 1320 1470 1445)
4(1319 1469 1470 1320)
4(1296 1321 1471 1446)
4(1320 1470 1471 1321)
4(1297 1322 1472 1447)
4(1321 1471 1472 1322)
4(1298 1323 1473 1448)
4(1322 1472 1473 1323)
4(1299 1324 1474 1449)
4(1323 1473 1474 1324)
4(1300 1325 1475 1450)
4(1324 1474 1475 1325)
4(1301 1326 1476 1451)
4(1325 1475 1476 1326)
4(1302 1327 1477 1452)
4(1326 1476 1477 1327)
4(1303 1328 1478 1453)
4(1327 1477 1478 1328)
4(1304 1329 1479 1454)
4(1328 1478 1479 1329)
4(1329 1479 1480 1330)
4(1306 1331 1481 1456)
4(571 727 1481 1331)
4(1307 1332 1482 1457)
4(1331 1481 1482 1332)
4(1308 1333 1483 1458)
4(1332 1482 1483 1333)
4(1309 1334 1484 1459)
4(1333 1483 1484 1334)
4(1310 1335 1485 1460)
4(1334 1484 1485 1335)
4(1311 1336 1486 1461)
4(1335 1485 1486 1336)
4(1312 1337 1487 1462)
4(1336 1486 1487 1337)
4(1313 1338 1488 1463)
4(1337 1487 1488 1338)
4(1314 1339 1489 1464)
4(1338 1488 1489 1339)
4(1315 1340 1490 1465)
4(1339 1489 1490 1340)
4(1316 1341 1491 1466)
4(1340 1490 1491 1341)
4(1317 1342 1492 1467)
4(1341 1491 1492 1342)
4(1318 1343 1493 1468)
4(1342 1492 1493 1343)
4(1319 1344 1494 1469)
4(1343 1493 1494 1344)
4(1320 1345 1495 1470)
4(1344 1494 1495 1345)
4(1321 1346 1496 1471)
4(1345 1495 1496 1346)
4(1322 1347 1497 1472)
4(1346 1496 1497 1347)
4(1323 1348 1498 1473)
4(1347 1497 1498 1348)
4(1324 1349 1499 1474)
4(1348 1498 1499 1349)
4(1325 1350 1500 1475)
4(1349 1499 1500 1350)
4(1326 1351 1501 1476)
4(1350 1500 1501 1351)
4(1327 1352 1502 1477)
4(1351 1501 1502 1352)
4(1328 1353 1503 1478)
4(1352 1502 1503 1353)
4(1329 1354 1504 1479)
4(1353 1503 1504 1354)
4(1354 1504 1505 1355)
4(1331 1356 1506 1481)
4(597 753 1506 1356)
4(1332 1357 1507 1482)
4(1356 1506 1507 1357)
4(1333 1358 1508 1483)
4(1357 1507 1508 1358)
4(1334 1359 1509 1484)
4(1358 1508 1509 1359)
4(1335 1360 1510 1485)
4(1359 1509 1510 1360)
4(1336 1361 1511 1486)
4(1360 1510 1511 1361)
4(1337 1362 1512 1487)
4(1361 1511 1512 1362)
4(1338 1363 1513 1488)
4(1362 1512 1513 1363)
4(1339 1364 1514 1489)
4(1363 1513 1514 1364)
4(1340 1365 1515 1490)
4(1364 1514 1515 1365)
4(1341 1366 1516 1491)
4(1365 1515 1516 1366)
4(1342 1367 1517 1492)
4(1366 1516 1517 1367)
4(1343 1368 1518 1493)
4(1367 1517 1518 1368)
4(1344 1369 1519 1494)
4(1368 1518 1519 1369)
4(1345 1370 1520 1495)
4(1369 1519 1520 1370)
4(1346 1371 1521 1496)
4(1370 1520 1521 1371)
4(1347 1372 1522 1497)
4(1371 1521 1522 1372)
4(1348 1373 1523 1498)
4(1372 1522 1523 1373)
4(1349 1374 1524 1499)
4(1373 1523 1524 1374)
4(1350 1375 1525 1500)
4(1374 1524 1525 1375)
4(1351 1376 1526 1501)
4(1375 1525 1526 1376)
4(1352 1377 1527 1502)
4(1376 1526 1527 1377)
4(1353 1378 1528 1503)
4(1377 1527 1528 1378)
4(1354 1379 1529 1504)
4(1378 1528 1529 1379)
4(1379 1529 1530 1380)
4(1356 1381 1531 1506)
4(623 779 1531 1381)
4(1357 1382 1532 1507)
4(1381 1531 1532 1382)
4(1358 1383 1533 1508)
4(1382 1532 1533 1383)
4(1359 1384 1534 1509)
4(1383 1533 1534 1384)
4(1360 1385 1535 1510)
4(1384 1534 1535 1385)
4(1361 1386 1536 1511)
4(1385 1535 1536 1386)
4(1362 1387 1537 1512)
4(1386 1536 1537 1387)
4(1363 1388 1538 1513)
4(1387 1537 1538 1388)
4(1364 1389 1539 1514)
4(1388 1538 1539 1389)
4(1365 1390 1540 1515)
4(1389 1539 1540 1390)
4(1366 1391 1541 1516)
4(1390 1540 1541 1391)
4(1367 1392 1542 1517)
4(1391 1541 1542 1392)
4(1368 1393 1543 1518)
4(1392 1542 1543 1393)
4(1369 1394 1544 1519)
4(1393 1543 1544 1394)
4(1370 1395 1545 1520)
4(1394 1544 1545 1395)
4(1371 1396 1546 1521)
4(1395 1545 1546 1396)
4(1372 1397 1547 1522)
4(1396 1546 1547 1397)
4(1373 1398 1548 1523)
4(1397 1547 1548 1398)
4(1374 1399 1549 1524)
4(1398 1548 1549 1399)
4(1375 1400 1550 1525)
4(1399 1549 1550 1400)
4(1376 1401 1551 1526)
4(1400 1550 1551 1401)
4(1377 1402 1552 1527)
4(1401 1551 1552 1402)
4(1378 1403 1553 1528)
4(1402 1552 1553 1403)
4(1379 1404 1554 1529)
4(1403 1553 1554 1404)
4(1404 1554 1555 1405)
4(1381 1406 1556 1531)
4(1382 1407 1557 1532)
4(1383 1408 1558 1533)
4(1384 1409 1559 1534)
4(1385 1410 1560 1535)
4(1386 1411 1561 1536)
4(1387 1412 1562 1537)
4(1388 1413 1563 1538)
4(1389 1414 1564 1539)
4(1390 1415 1565 1540)
4(1391 1416 1566 1541)
4(1392 1417 1567 1542)
4(1393 1418 1568 1543)
4(1394 1419 1569 1544)
4(1395 1420 1570 1545)
4(1396 1421 1571 1546)
4(1397 1422 1572 1547)
4(1398 1423 1573 1548)
4(1399 1424 1574 1549)
4(1400 1425 1575 1550)
4(1401 1426 1576 1551)
4(1402 1427 1577 1552)
4(1403 1428 1578 1553)
4(1404 1429 1579 1554)
3(0 26 52)
3(0 52 78)
3(0 78 104)
3(0 104 130)
3(0 130 156)
4(26 182 208 52)
4(52 208 234 78)
4(78 234 260 104)
4(104 260 286 130)
4(130 286 312 156)
4(182 338 364 208)
4(208 364 390 234)
4(234 390 416 260)
4(260 416 442 286)
4(286 442 468 312)
4(338 494 520 364)
4(364 520 546 390)
4(390 546 572 416)
4(416 572 598 442)
4(442 598 624 468)
4(494 650 676 520)
4(520 676 702 546)
4(546 702 728 572)
4(572 728 754 598)
4(598 754 780 624)
3(830 880 855)
3(830 905 880)
3(830 930 905)
3(830 955 930)
3(830 980 955)
4(855 880 1030 1005)
4(880 905 1055 1030)
4(905 930 1080 1055)
4(930 955 1105 1080)
4(955 980 1130 1105)
4(1005 1030 1180 1155)
4(1030 1055 1205 1180)
4(1055 1080 1230 1205)
4(1080 1105 1255 1230)
4(1105 1130 1280 1255)
4(1155 1180 1330 1305)
4(1180 1205 1355 1330)
4(1205 1230 1380 1355)
4(1230 1255 1405 1380)
4(1255 1280 1430 1405)
4(1305 1330 1480 1455)
4(1330 1355 1505 1480)
4(1355 1380 1530 1505)
4(1380 1405 1555 1530)
4(1405 1430 1580 1555)
4(19 20 46 45)
4(20 21 47 46)
4(21 22 48 47)
4(22 23 49 48)
4(23 24 50 49)
4(24 25 51 50)
4(51 207 206 50)
4(207 363 362 206)
4(363 519 518 362)
4(519 675 674 518)
4(674 673 517 518)
4(673 672 516 517)
4(672 671 515 516)
4(671 670 514 515)
4(670 669 513 514)
4(669 668 512 513)
4(668 667 511 512)
4(667 666 510 511)
4(666 665 509 510)
4(665 664 508 509)
4(664 663 507 508)
4(663 662 506 507)
4(662 661 505 506)
4(661 660 504 505)
4(660 659 503 504)
4(659 658 502 503)
4(658 657 501 502)
4(657 656 500 501)
4(656 655 499 500)
4(655 654 498 499)
4(654 653 497 498)
4(653 652 496 497)
4(652 651 495 496)
4(651 650 494 495)
4(494 338 339 495)
4(338 182 183 339)
4(182 26 27 183)
4(26 0 1 27)
4(1 2 28 27)
4(2 3 29 28)
4(3 4 30 29)
4(4 5 31 30)
4(5 6 32 31)
4(6 7 33 32)
4(7 8 34 33)
4(8 9 35 34)
4(9 10 36 35)
4(10 11 37 36)
4(11 12 38 37)
4(12 13 39 38)
4(13 14 40 39)
4(14 15 41 40)
4(15 16 42 41)
4(16 17 43 42)
4(17 18 44 43)
4(18 19 45 44)
4(45 201 200 44)
4(45 46 202 201)
4(46 47 203 202)
4(47 48 204 203)
4(48 49 205 204)
4(49 50 206 205)
4(206 362 361 205)
4(362 518 517 361)
4(517 516 360 361)
4(516 515 359 360)
4(515 514 358 359)
4(514 513 357 358)
4(513 512 356 357)
4(512 511 355 356)
4(511 510 354 355)
4(510 509 353 354)
4(509 508 352 353)
4(508 507 351 352)
4(507 506 350 351)
4(506 505 349 350)
4(505 504 348 349)
4(504 503 347 348)
4(503 502 346 347)
4(502 501 345 346)
4(501 500 344 345)
4(500 499 343 344)
4(499 498 342 343)
4(498 497 341 342)
4(497 496 340 341)
4(496 495 339 340)
4(339 183 184 340)
4(183 27 28 184)
4(28 29 185 184)
4(29 30 186 185)
4(30 31 187 186)
4(31 32 188 187)
4(32 33 189 188)
4(33 34 190 189)
4(34 35 191 190)
4(35 36 192 191)
4(36 37 193 192)
4(37 38 194 193)
4(38 39 195 194)
4(39 40 196 195)
4(40 41 197 196)
4(41 42 198 197)
4(42 43 199 198)
4(43 44 200 199)
4(200 356 355 199)
4(200 201 357 356)
4(201 202 358 357)
4(202 203 359 358)
4(203 204 360 359)
4(204 205 361 360)
4(355 354 198 199)
4(354 353 197 198)
4(353 352 196 197)
4(352 351 195 196)
4(351 350 194 195)
4(350 349 193 194)
4(349 348 192 193)
4(348 347 191 192)
4(347 346 190 191)
4(346 345 189 190)
4(345 344 188 189)
4(344 343 187 188)
4(343 342 186 187)
4(342 341 185 186)
4(341 340 184 185)
4(19 175 176 20)
4(20 176 177 21)
4(21 177 178 22)
4(22 178 179 23)
4(23 179 180 24)
4(24 180 181 25)
4(181 180 336 337)
4(337 336 492 493)
4(493 492 648 649)
4(649 648 804 805)
4(804 648 647 803)
4(803 647 646 802)
4(802 646 645 801)
4(801 645 644 800)
4(800 644 643 799)
4(799 643 642 798)
4(798 642 641 797)
4(797 641 640 796)
4(796 640 639 795)
4(795 639 638 794)
4(794 638 637 793)
4(793 637 636 792)
4(792 636 635 791)
4(791 635 634 790)
4(790 634 633 789)
4(789 633 632 788)
4(788 632 631 787)
4(787 631 630 786)
4(786 630 629 785)
4(785 629 628 784)
4(784 628 627 783)
4(783 627 626 782)
4(782 626 625 781)
4(781 625 624 780)
4(624 625 469 468)
4(468 469 313 312)
4(312 313 157 156)
4(156 157 1 0)
4(1 157 158 2)
4(2 158 159 3)
4(3 159 160 4)
4(4 160 161 5)
4(5 161 162 6)
4(6 162 163 7)
4(7 163 164 8)
4(8 164 165 9)
4(9 165 166 10)
4(10 166 167 11)
4(11 167 168 12)
4(12 168 169 13)
4(13 169 170 14)
4(14 170 171 15)
4(15 171 172 16)
4(16 172 173 17)
4(17 173 174 18)
4(18 174 175 19)
4(175 174 330 331)
4(175 331 332 176)
4(176 332 333 177)
4(177 333 334 178)
4(178 334 335 179)
4(179 335 336 180)
4(336 335 491 492)
4(492 491 647 648)
4(647 491 490 646)
4(646 490 489 645)
4(645 489 488 644)
4(644 488 487 643)
4(643 487 486 642)
4(642 486 485 641)
4(641 485 484 640)
4(640 484 483 639)
4(639 483 482 638)
4(638 482 481 637)
4(637 481 480 636)
4(636 480 479 635)
4(635 479 478 634)
4(634 478 477 633)
4(633 477 476 632)
4(632 476 475 631)
4(631 475 474 630)
4(630 474 473 629)
4(629 473 472 628)
4(628 472 471 627)
4(627 471 470 626)
4(626 470 469 625)
4(469 470 314 313)
4(313 314 158 157)
4(158 314 315 159)
4(159 315 316 160)
4(160 316 317 161)
4(161 317 318 162)
4(162 318 319 163)
4(163 319 320 164)
4(164 320 321 165)
4(165 321 322 166)
4(166 322 323 167)
4(167 323 324 168)
4(168 324 325 169)
4(169 325 326 170)
4(170 326 327 171)
4(171 327 328 172)
4(172 328 329 173)
4(173 329 330 174)
4(330 329 485 486)
4(330 486 487 331)
4(331 487 488 332)
4(332 488 489 333)
4(333 489 490 334)
4(334 490 491 335)
4(485 329 328 484)
4(484 328 327 483)
4(483 327 326 482)
4(482 326 325 481)
4(481 325 324 480)
4(480 324 323 479)
4(479 323 322 478)
4(478 322 321 477)
4(477 321 320 476)
4(476 320 319 475)
4(475 319 318 474)
4(474 318 317 473)
4(473 317 316 472)
4(472 316 315 471)
4(471 315 314 470)
4(650 651 677 676)
4(676 677 703 702)
4(702 703 729 728)
4(728 729 755 754)
4(754 755 781 780)
4(651 652 678 677)
4(677 678 704 703)
4(703 704 730 729)
4(729 730 756 755)
4(755 756 782 781)
4(652 653 679 678)
4(678 679 705 704)
4(704 705 731 730)
4(730 731 757 756)
4(756 757 783 782)
4(653 654 680 679)
4(679 680 706 705)
4(705 706 732 731)
4(731 732 758 757)
4(757 758 784 783)
4(654 655 681 680)
4(680 681 707 706)
4(706 707 733 732)
4(732 733 759 758)
4(758 759 785 784)
4(655 656 682 681)
4(681 682 708 707)
4(707 708 734 733)
4(733 734 760 759)
4(759 760 786 785)
4(656 657 683 682)
4(682 683 709 708)
4(708 709 735 734)
4(734 735 761 760)
4(760 761 787 786)
4(657 658 684 683)
4(683 684 710 709)
4(709 710 736 735)
4(735 736 762 761)
4(761 762 788 787)
4(658 659 685 684)
4(684 685 711 710)
4(710 711 737 736)
4(736 737 763 762)
4(762 763 789 788)
4(659 660 686 685)
4(685 686 712 711)
4(711 712 738 737)
4(737 738 764 763)
4(763 764 790 789)
4(660 661 687 686)
4(686 687 713 712)
4(712 713 739 738)
4(738 739 765 764)
4(764 765 791 790)
4(661 662 688 687)
4(687 688 714 713)
4(713 714 740 739)
4(739 740 766 765)
4(765 766 792 791)
4(662 663 689 688)
4(688 689 715 714)
4(714 715 741 740)
4(740 741 767 766)
4(766 767 793 792)
4(663 664 690 689)
4(689 690 716 715)
4(715 716 742 741)
4(741 742 768 767)
4(767 768 794 793)
4(664 665 691 690)
4(690 691 717 716)
4(716 717 743 742)
4(742 743 769 768)
4(768 769 795 794)
4(665 666 692 691)
4(691 692 718 717)
4(717 718 744 743)
4(743 744 770 769)
4(769 770 796 795)
4(666 667 693 692)
4(692 693 719 718)
4(718 719 745 744)
4(744 745 771 770)
4(770 771 797 796)
4(667 668 694 693)
4(693 694 720 719)
4(719 720 746 745)
4(745 746 772 771)
4(771 772 798 797)
4(668 669 695 694)
4(694 695 721 720)
4(720 721 747 746)
4(746 747 773 772)
4(772 773 799 798)
4(669 670 696 695)
4(695 696 722 721)
4(721 722 748 747)
4(747 748 774 773)
4(773 774 800 799)
4(670 671 697 696)
4(696 697 723 722)
4(722 723 749 748)
4(748 749 775 774)
4(774 775 801 800)
4(671 672 698 697)
4(697 698 724 723)
4(723 724 750 749)
4(749 750 776 775)
4(775 776 802 801)
4(672 673 699 698)
4(698 699 725 724)
4(724 725 751 750)
4(750 751 777 776)
4(776 777 803 802)
4(673 674 700 699)
4(699 700 726 725)
4(725 726 752 751)
4(751 752 778 777)
4(777 778 804 803)
4(674 675 701 700)
4(700 701 727 726)
4(726 727 753 752)
4(752 753 779 778)
4(778 779 805 804)
4(25 806 831 51)
4(51 831 981 207)
4(207 981 1131 363)
4(363 1131 1281 519)
4(519 1281 1431 675)
4(806 807 832 831)
4(831 832 982 981)
4(981 982 1132 1131)
4(1131 1132 1282 1281)
4(1281 1282 1432 1431)
4(807 808 833 832)
4(832 833 983 982)
4(982 983 1133 1132)
4(1132 1133 1283 1282)
4(1282 1283 1433 1432)
4(808 809 834 833)
4(833 834 984 983)
4(983 984 1134 1133)
4(1133 1134 1284 1283)
4(1283 1284 1434 1433)
4(809 810 835 834)
4(834 835 985 984)
4(984 985 1135 1134)
4(1134 1135 1285 1284)
4(1284 1285 1435 1434)
4(810 811 836 835)
4(835 836 986 985)
4(985 986 1136 1135)
4(1135 1136 1286 1285)
4(1285 1286 1436 1435)
4(811 812 837 836)
4(836 837 987 986)
4(986 987 1137 1136)
4(1136 1137 1287 1286)
4(1286 1287 1437 1436)
4(812 813 838 837)
4(837 838 988 987)
4(987 988 1138 1137)
4(1137 1138 1288 1287)
4(1287 1288 1438 1437)
4(813 814 839 838)
4(838 839 989 988)
4(988 989 1139 1138)
4(1138 1139 1289 1288)
4(1288 1289 1439 1438)
4(814 815 840 839)
4(839 840 990 989)
4(989 990 1140 1139)
4(1139 1140 1290 1289)
4(1289 1290 1440 1439)
4(815 816 841 840)
4(840 841 991 990)
4(990 991 1141 1140)
4(1140 1141 1291 1290)
4(1290 1291 1441 1440)
4(816 817 842 841)
4(841 842 992 991)
4(991 992 1142 1141)
4(1141 1142 1292 1291)
4(1291 1292 1442 1441)
4(817 818 843 842)
4(842 843 993 992)
4(992 993 1143 1142)
4(1142 1143 1293 1292)
4(1292 1293 1443 1442)
4(818 819 844 843)
4(843 844 994 993)
4(993 994 1144 1143)
4(1143 1144 1294 1293)
4(1293 1294 1444 1443)
4(819 820 845 844)
4(844 845 995 994)
4(994 995 1145 1144)
4(1144 1145 1295 1294)
4(1294 1295 1445 1444)
4(820 821 846 845)
4(845 846 996 995)
4(995 996 1146 1145)
4(1145 1146 1296 1295)
4(1295 1296 1446 1445)
4(821 822 847 846)
4(846 847 997 996)
4(996 997 1147 1146)
4(1146 1147 1297 1296)
4(1296 1297 1447 1446)
4(822 823 848 847)
4(847 848 998 997)
4(997 998 1148 1147)
4(1147 1148 1298 1297)
4(1297 1298 1448 1447)
4(823 824 849 848)
4(848 849 999 998)
4(998 999 1149 1148)
4(1148 1149 1299 1298)
4(1298 1299 1449 1448)
4(824 825 850 849)
4(849 850 1000 999)
4(999 1000 1150 1149)
4(1149 1150 1300 1299)
4(1299 1300 1450 1449)
4(825 826 851 850)
4(850 851 1001 1000)
4(1000 1001 1151 1150)
4(1150 1151 1301 1300)
4(1300 1301 1451 1450)
4(826 827 852 851)
4(851 852 1002 1001)
4(1001 1002 1152 1151)
4(1151 1152 1302 1301)
4(1301 1302 1452 1451)
4(827 828 853 852)
4(852 853 1003 1002)
4(1002 1003 1153 1152)
4(1152 1153 1303 1302)
4(1302 1303 1453 1452)
4(828 829 854 853)
4(853 854 1004 1003)
4(1003 1004 1154 1153)
4(1153 1154 1304 1303)
4(1303 1304 1454 1453)
4(829 830 855 854)
4(854 855 1005 1004)
4(1004 1005 1155 1154)
4(1154 1155 1305 1304)
4(1304 1305 1455 1454)
4(25 181 956 806)
4(181 337 1106 956)
4(337 493 1256 1106)
4(493 649 1406 1256)
4(649 805 1556 1406)
4(806 956 957 807)
4(956 1106 1107 957)
4(1106 1256 1257 1107)
4(1256 1406 1407 1257)
4(1406 1556 1557 1407)
4(807 957 958 808)
4(957 1107 1108 958)
4(1107 1257 1258 1108)
4(1257 1407 1408 1258)
4(1407 1557 1558 1408)
4(808 958 959 809)
4(958 1108 1109 959)
4(1108 1258 1259 1109)
4(1258 1408 1409 1259)
4(1408 1558 1559 1409)
4(809 959 960 810)
4(959 1109 1110 960)
4(1109 1259 1260 1110)
4(1259 1409 1410 1260)
4(1409 1559 1560 1410)
4(810 960 961 811)
4(960 1110 1111 961)
4(1110 1260 1261 1111)
4(1260 1410 1411 1261)
4(1410 1560 1561 1411)
4(811 961 962 812)
4(961 1111 1112 962)
4(1111 1261 1262 1112)
4(1261 1411 1412 1262)
4(1411 1561 1562 1412)
4(812 962 963 813)
4(962 1112 1113 963)
4(1112 1262 1263 1113)
4(1262 1412 1413 1263)
4(1412 1562 1563 1413)
4(813 963 964 814)
4(963 1113 1114 964)
4(1113 1263 1264 1114)
4(1263 1413 1414 1264)
4(1413 1563 1564 1414)
4(814 964 965 815)
4(964 1114 1115 965)
4(1114 1264 1265 1115)
4(1264 1414 1415 1265)
4(1414 1564 1565 1415)
4(815 965 966 816)
4(965 1115 1116 966)
4(1115 1265 1266 1116)
4(1265 1415 1416 1266)
4(1415 1565 1566 1416)
4(816 966 967 817)
4(966 1116 1117 967)
4(1116 1266 1267 1117)
4(1266 1416 1417 1267)
4(1416 1566 1567 1417)
4(817 967 968 818)
4(967 1117 1118 968)
4(1117 1267 1268 1118)
4(1267 1417 1418 1268)
4(1417 1567 1568 1418)
4(818 968 969 819)
4(968 1118 1119 969)
4(1118 1268 1269 1119)
4(1268 1418 1419 1269)
4(1418 1568 1569 1419)
4(819 969 970 820)
4(969 1119 1120 970)
4(1119 1269 1270 1120)
4(1269 1419 1420 1270)
4(1419 1569 1570 1420)
4(820 970 971 821)
4(970 1120 1121 971)
4(1120 1270 1271 1121)
4(1270 1420 1421 1271)
4(1420 1570 1571 1421)
4(821 971 972 822)
4(971 1121 1122 972)
4(1121 1271 1272 1122)
4(1271 1421 1422 1272)
4(1421 1571 1572 1422)
4(822 972 973 823)
4(972 1122 1123 973)
4(1122 1272 1273 1123)
4(1272 1422 1423 1273)
4(1422 1572 1573 1423)
4(823 973 974 824)
4(973 1123 1124 974)
4(1123 1273 1274 1124)
4(1273 1423 1424 1274)
4(1423 1573 1574 1424)
4(824 974 975 825)
4(974 1124 1125 975)
4(1124 1274 1275 1125)
4(1274 1424 1425 1275)
4(1424 1574 1575 1425)
4(825 975 976 826)
4(975 1125 1126 976)
4(1125 1275 1276 1126)
4(1275 1425 1426 1276)
4(1425 1575 1576 1426)
4(826 976 977 827)
4(976 1126 1127 977)
4(1126 1276 1277 1127)
4(1276 1426 1427 1277)
4(1426 1576 1577 1427)
4(827 977 978 828)
4(977 1127 1128 978)
4(1127 1277 1278 1128)
4(1277 1427 1428 1278)
4(1427 1577 1578 1428)
4(828 978 979 829)
4(978 1128 1129 979)
4(1128 1278 1279 1129)
4(1278 1428 1429 1279)
4(1428 1578 1579 1429)
4(829 979 980 830)
4(979 1129 1130 980)
4(1129 1279 1280 1130)
4(1279 1429 1430 1280)
4(1429 1579 1580 1430)
4(675 1431 1456 701)
4(701 1456 1481 727)
4(727 1481 1506 753)
4(753 1506 1531 779)
4(779 1531 1556 805)
4(1431 1432 1457 1456)
4(1456 1457 1482 1481)
4(1481 1482 1507 1506)
4(1506 1507 1532 1531)
4(1531 1532 1557 1556)
4(1432 1433 1458 1457)
4(1457 1458 1483 1482)
4(1482 1483 1508 1507)
4(1507 1508 1533 1532)
4(1532 1533 1558 1557)
4(1433 1434 1459 1458)
4(1458 1459 1484 1483)
4(1483 1484 1509 1508)
4(1508 1509 1534 1533)
4(1533 1534 1559 1558)
4(1434 1435 1460 1459)
4(1459 1460 1485 1484)
4(1484 1485 1510 1509)
4(1509 1510 1535 1534)
4(1534 1535 1560 1559)
4(1435 1436 1461 1460)
4(1460 1461 1486 1485)
4(1485 1486 1511 1510)
4(1510 1511 1536 1535)
4(1535 1536 1561 1560)
4(1436 1437 1462 1461)
4(1461 1462 1487 1486)
4(1486 1487 1512 1511)
4(1511 1512 1537 1536)
4(1536 1537 1562 1561)
4(1437 1438 1463 1462)
4(1462 1463 1488 1487)
4(1487 1488 1513 1512)
4(1512 1513 1538 1537)
4(1537 1538 1563 1562)
4(1438 1439 1464 1463)
4(1463 1464 1489 1488)
4(1488 1489 1514 1513)
4(1513 1514 1539 1538)
4(1538 1539 1564 1563)
4(1439 1440 1465 1464)
4(1464 1465 1490 1489)
4(1489 1490 1515 1514)
4(1514 1515 1540 1539)
4(1539 1540 1565 1564)
4(1440 1441 1466 1465)
4(1465 1466 1491 1490)
4(1490 1491 1516 1515)
4(1515 1516 1541 1540)
4(1540 1541 1566 1565)
4(1441 1442 1467 1466)
4(1466 1467 1492 1491)
4(1491 1492 1517 1516)
4(1516 1517 1542 1541)
4(1541 1542 1567 1566)
4(1442 1443 1468 1467)
4(1467 1468 1493 1492)
4(1492 1493 1518 1517)
4(1517 1518 1543 1542)
4(1542 1543 1568 1567)
4(1443 1444 1469 1468)
4(1468 1469 1494 1493)
4(1493 1494 1519 1518)
4(1518 1519 1544 1543)
4(1543 1544 1569 1568)
4(1444 1445 1470 1469)
4(1469 1470 1495 1494)
4(1494 1495 1520 1519)
4(1519 1520 1545 1544)
4(1544 1545 1570 1569)
4(1445 1446 1471 1470)
4(1470 1471 1496 1495)
4(1495 1496 1521 1520)
4(1520 1521 1546 1545)
4(1545 1546 1571 1570)
4(1446 1447 1472 1471)
4(1471 1472 1497 1496)
4(1496 1497 1522 1521)
4(1521 1522 1547 1546)
4(1546 1547 1572 1571)
4(1447 1448 1473 1472)
4(1472 1473 1498 1497)
4(1497 1498 1523 1522)
4(1522 1523 1548 1547)
4(1547 1548 1573 1572)
4(1448 1449 1474 1473)
4(1473 1474 1499 1498)
4(1498 1499 1524 1523)
4(1523 1524 1549 1548)
4(1548 1549 1574 1573)
4(1449 1450 1475 1474)
4(1474 1475 1500 1499)
4(1499 1500 1525 1524)
4(1524 1525 1550 1549)
4(1549 1550 1575 1574)
4(1450 1451 1476 1475)
4(1475 1476 1501 1500)
4(1500 1501 1526 1525)
4(1525 1526 1551 1550)
4(1550 1551 1576 1575)
4(1451 1452 1477 1476)
4(1476 1477 1502 1501)
4(1501 1502 1527 1526)
4(1526 1527 1552 1551)
4(1551 1552 1577 1576)
4(1452 1453 1478 1477)
4(1477 1478 1503 1502)
4(1502 1503 1528 1527)
4(1527 1528 1553 1552)
4(1552 1553 1578 1577)
4(1453 1454 1479 1478)
4(1478 1479 1504 1503)
4(1503 1504 1529 1528)
4(1528 1529 1554 1553)
4(1553 1554 1579 1578)
4(1454 1455 1480 1479)
4(1479 1480 1505 1504)
4(1504 1505 1530 1529)
4(1529 1530 1555 1554)
4(1554 1555 1580 1579)
)


// ************************************************************************* //
