/*--------------------------------*- C++ -*----------------------------------*\
  =========                 |
  \\      /  F ield         | OpenFOAM: The Open Source CFD Toolbox
   \\    /   O peration     | Website:  https://openfoam.org
    \\  /    A nd           | Version:  dev
     \\/     M anipulation  |
\*---------------------------------------------------------------------------*/
FoamFile
{
    format      ascii;
    class       labelList;
    note        "nPoints:1581  nCells:1250  nFaces:4025  nInternalFaces:3225";
    location    "constant/polyMesh";
    object      neighbour;
}
// * * * * * * * * * * * * * * * * * * * * * * * * * * * * * * * * * * * * * //


3225
(
1
25
125
2
26
126
3
27
127
4
28
128
5
29
129
6
30
130
7
31
131
8
32
132
9
33
133
10
34
134
11
35
135
12
36
136
13
37
137
14
38
138
15
39
139
16
40
140
17
41
141
18
42
142
19
43
143
20
44
144
21
45
145
22
46
146
23
47
147
24
48
148
49
149
625
26
50
150
27
51
151
28
52
152
29
53
153
30
54
154
31
55
155
32
56
156
33
57
157
34
58
158
35
59
159
36
60
160
37
61
161
38
62
162
39
63
163
40
64
164
41
65
165
42
66
166
43
67
167
44
68
168
45
69
169
46
70
170
47
71
171
48
72
172
49
73
173
74
174
650
51
75
175
52
76
176
53
77
177
54
78
178
55
79
179
56
80
180
57
81
181
58
82
182
59
83
183
60
84
184
61
85
185
62
86
186
63
87
187
64
88
188
65
89
189
66
90
190
67
91
191
68
92
192
69
93
193
70
94
194
71
95
195
72
96
196
73
97
197
74
98
198
99
199
675
76
100
200
77
101
201
78
102
202
79
103
203
80
104
204
81
105
205
82
106
206
83
107
207
84
108
208
85
109
209
86
110
210
87
111
211
88
112
212
89
113
213
90
114
214
91
115
215
92
116
216
93
117
217
94
118
218
95
119
219
96
120
220
97
121
221
98
122
222
99
123
223
124
224
700
101
225
102
226
103
227
104
228
105
229
106
230
107
231
108
232
109
233
110
234
111
235
112
236
113
237
114
238
115
239
116
240
117
241
118
242
119
243
120
244
121
245
122
246
123
247
124
248
249
725
126
150
250
127
151
251
128
152
252
129
153
253
130
154
254
131
155
255
132
156
256
133
157
257
134
158
258
135
159
259
136
160
260
137
161
261
138
162
262
139
163
263
140
164
264
141
165
265
142
166
266
143
167
267
144
168
268
145
169
269
146
170
270
147
171
271
148
172
272
149
173
273
174
274
750
151
175
275
152
176
276
153
177
277
154
178
278
155
179
279
156
180
280
157
181
281
158
182
282
159
183
283
160
184
284
161
185
285
162
186
286
163
187
287
164
188
288
165
189
289
166
190
290
167
191
291
168
192
292
169
193
293
170
194
294
171
195
295
172
196
296
173
197
297
174
198
298
199
299
775
176
200
300
177
201
301
178
202
302
179
203
303
180
204
304
181
205
305
182
206
306
183
207
307
184
208
308
185
209
309
186
210
310
187
211
311
188
212
312
189
213
313
190
214
314
191
215
315
192
216
316
193
217
317
194
218
318
195
219
319
196
220
320
197
221
321
198
222
322
199
223
323
224
324
800
201
225
325
202
226
326
203
227
327
204
228
328
205
229
329
206
230
330
207
231
331
208
232
332
209
233
333
210
234
334
211
235
335
212
236
336
213
237
337
214
238
338
215
239
339
216
240
340
217
241
341
218
242
342
219
243
343
220
244
344
221
245
345
222
246
346
223
247
347
224
248
348
249
349
825
226
350
227
351
228
352
229
353
230
354
231
355
232
356
233
357
234
358
235
359
236
360
237
361
238
362
239
363
240
364
241
365
242
366
243
367
244
368
245
369
246
370
247
371
248
372
249
373
374
850
251
275
375
252
276
376
253
277
377
254
278
378
255
279
379
256
280
380
257
281
381
258
282
382
259
283
383
260
284
384
261
285
385
262
286
386
263
287
387
264
288
388
265
289
389
266
290
390
267
291
391
268
292
392
269
293
393
270
294
394
271
295
395
272
296
396
273
297
397
274
298
398
299
399
875
276
300
400
277
301
401
278
302
402
279
303
403
280
304
404
281
305
405
282
306
406
283
307
407
284
308
408
285
309
409
286
310
410
287
311
411
288
312
412
289
313
413
290
314
414
291
315
415
292
316
416
293
317
417
294
318
418
295
319
419
296
320
420
297
321
421
298
322
422
299
323
423
324
424
900
301
325
425
302
326
426
303
327
427
304
328
428
305
329
429
306
330
430
307
331
431
308
332
432
309
333
433
310
334
434
311
335
435
312
336
436
313
337
437
314
338
438
315
339
439
316
340
440
317
341
441
318
342
442
319
343
443
320
344
444
321
345
445
322
346
446
323
347
447
324
348
448
349
449
925
326
350
450
327
351
451
328
352
452
329
353
453
330
354
454
331
355
455
332
356
456
333
357
457
334
358
458
335
359
459
336
360
460
337
361
461
338
362
462
339
363
463
340
364
464
341
365
465
342
366
466
343
367
467
344
368
468
345
369
469
346
370
470
347
371
471
348
372
472
349
373
473
374
474
950
351
475
352
476
353
477
354
478
355
479
356
480
357
481
358
482
359
483
360
484
361
485
362
486
363
487
364
488
365
489
366
490
367
491
368
492
369
493
370
494
371
495
372
496
373
497
374
498
499
975
376
400
500
377
401
501
378
402
502
379
403
503
380
404
504
381
405
505
382
406
506
383
407
507
384
408
508
385
409
509
386
410
510
387
411
511
388
412
512
389
413
513
390
414
514
391
415
515
392
416
516
393
417
517
394
418
518
395
419
519
396
420
520
397
421
521
398
422
522
399
423
523
424
524
1000
401
425
525
402
426
526
403
427
527
404
428
528
405
429
529
406
430
530
407
431
531
408
432
532
409
433
533
410
434
534
411
435
535
412
436
536
413
437
537
414
438
538
415
439
539
416
440
540
417
441
541
418
442
542
419
443
543
420
444
544
421
445
545
422
446
546
423
447
547
424
448
548
449
549
1025
426
450
550
427
451
551
428
452
552
429
453
553
430
454
554
431
455
555
432
456
556
433
457
557
434
458
558
435
459
559
436
460
560
437
461
561
438
462
562
439
463
563
440
464
564
441
465
565
442
466
566
443
467
567
444
468
568
445
469
569
446
470
570
447
471
571
448
472
572
449
473
573
474
574
1050
451
475
575
452
476
576
453
477
577
454
478
578
455
479
579
456
480
580
457
481
581
458
482
582
459
483
583
460
484
584
461
485
585
462
486
586
463
487
587
464
488
588
465
489
589
466
490
590
467
491
591
468
492
592
469
493
593
470
494
594
471
495
595
472
496
596
473
497
597
474
498
598
499
599
1075
476
600
477
601
478
602
479
603
480
604
481
605
482
606
483
607
484
608
485
609
486
610
487
611
488
612
489
613
490
614
491
615
492
616
493
617
494
618
495
619
496
620
497
621
498
622
499
623
624
1100
501
525
502
526
503
527
504
528
505
529
506
530
507
531
508
532
509
533
510
534
511
535
512
536
513
537
514
538
515
539
516
540
517
541
518
542
519
543
520
544
521
545
522
546
523
547
524
548
549
1125
526
550
527
551
528
552
529
553
530
554
531
555
532
556
533
557
534
558
535
559
536
560
537
561
538
562
539
563
540
564
541
565
542
566
543
567
544
568
545
569
546
570
547
571
548
572
549
573
574
1150
551
575
552
576
553
577
554
578
555
579
556
580
557
581
558
582
559
583
560
584
561
585
562
586
563
587
564
588
565
589
566
590
567
591
568
592
569
593
570
594
571
595
572
596
573
597
574
598
599
1175
576
600
577
601
578
602
579
603
580
604
581
605
582
606
583
607
584
608
585
609
586
610
587
611
588
612
589
613
590
614
591
615
592
616
593
617
594
618
595
619
596
620
597
621
598
622
599
623
624
1200
601
602
603
604
605
606
607
608
609
610
611
612
613
614
615
616
617
618
619
620
621
622
623
624
1225
626
650
750
627
651
751
628
652
752
629
653
753
630
654
754
631
655
755
632
656
756
633
657
757
634
658
758
635
659
759
636
660
760
637
661
761
638
662
762
639
663
763
640
664
764
641
665
765
642
666
766
643
667
767
644
668
768
645
669
769
646
670
770
647
671
771
648
672
772
649
673
773
674
774
651
675
775
652
676
776
653
677
777
654
678
778
655
679
779
656
680
780
657
681
781
658
682
782
659
683
783
660
684
784
661
685
785
662
686
786
663
687
787
664
688
788
665
689
789
666
690
790
667
691
791
668
692
792
669
693
793
670
694
794
671
695
795
672
696
796
673
697
797
674
698
798
699
799
676
700
800
677
701
801
678
702
802
679
703
803
680
704
804
681
705
805
682
706
806
683
707
807
684
708
808
685
709
809
686
710
810
687
711
811
688
712
812
689
713
813
690
714
814
691
715
815
692
716
816
693
717
817
694
718
818
695
719
819
696
720
820
697
721
821
698
722
822
699
723
823
724
824
701
725
825
702
726
826
703
727
827
704
728
828
705
729
829
706
730
830
707
731
831
708
732
832
709
733
833
710
734
834
711
735
835
712
736
836
713
737
837
714
738
838
715
739
839
716
740
840
717
741
841
718
742
842
719
743
843
720
744
844
721
745
845
722
746
846
723
747
847
724
748
848
749
849
726
850
727
851
728
852
729
853
730
854
731
855
732
856
733
857
734
858
735
859
736
860
737
861
738
862
739
863
740
864
741
865
742
866
743
867
744
868
745
869
746
870
747
871
748
872
749
873
874
751
775
875
752
776
876
753
777
877
754
778
878
755
779
879
756
780
880
757
781
881
758
782
882
759
783
883
760
784
884
761
785
885
762
786
886
763
787
887
764
788
888
765
789
889
766
790
890
767
791
891
768
792
892
769
793
893
770
794
894
771
795
895
772
796
896
773
797
897
774
798
898
799
899
776
800
900
777
801
901
778
802
902
779
803
903
780
804
904
781
805
905
782
806
906
783
807
907
784
808
908
785
809
909
786
810
910
787
811
911
788
812
912
789
813
913
790
814
914
791
815
915
792
816
916
793
817
917
794
818
918
795
819
919
796
820
920
797
821
921
798
822
922
799
823
923
824
924
801
825
925
802
826
926
803
827
927
804
828
928
805
829
929
806
830
930
807
831
931
808
832
932
809
833
933
810
834
934
811
835
935
812
836
936
813
837
937
814
838
938
815
839
939
816
840
940
817
841
941
818
842
942
819
843
943
820
844
944
821
845
945
822
846
946
823
847
947
824
848
948
849
949
826
850
950
827
851
951
828
852
952
829
853
953
830
854
954
831
855
955
832
856
956
833
857
957
834
858
958
835
859
959
836
860
960
837
861
961
838
862
962
839
863
963
840
864
964
841
865
965
842
866
966
843
867
967
844
868
968
845
869
969
846
870
970
847
871
971
848
872
972
849
873
973
874
974
851
975
852
976
853
977
854
978
855
979
856
980
857
981
858
982
859
983
860
984
861
985
862
986
863
987
864
988
865
989
866
990
867
991
868
992
869
993
870
994
871
995
872
996
873
997
874
998
999
876
900
1000
877
901
1001
878
902
1002
879
903
1003
880
904
1004
881
905
1005
882
906
1006
883
907
1007
884
908
1008
885
909
1009
886
910
1010
887
911
1011
888
912
1012
889
913
1013
890
914
1014
891
915
1015
892
916
1016
893
917
1017
894
918
1018
895
919
1019
896
920
1020
897
921
1021
898
922
1022
899
923
1023
924
1024
901
925
1025
902
926
1026
903
927
1027
904
928
1028
905
929
1029
906
930
1030
907
931
1031
908
932
1032
909
933
1033
910
934
1034
911
935
1035
912
936
1036
913
937
1037
914
938
1038
915
939
1039
916
940
1040
917
941
1041
918
942
1042
919
943
1043
920
944
1044
921
945
1045
922
946
1046
923
947
1047
924
948
1048
949
1049
926
950
1050
927
951
1051
928
952
1052
929
953
1053
930
954
1054
931
955
1055
932
956
1056
933
957
1057
934
958
1058
935
959
1059
936
960
1060
937
961
1061
938
962
1062
939
963
1063
940
964
1064
941
965
1065
942
966
1066
943
967
1067
944
968
1068
945
969
1069
946
970
1070
947
971
1071
948
972
1072
949
973
1073
974
1074
951
975
1075
952
976
1076
953
977
1077
954
978
1078
955
979
1079
956
980
1080
957
981
1081
958
982
1082
959
983
1083
960
984
1084
961
985
1085
962
986
1086
963
987
1087
964
988
1088
965
989
1089
966
990
1090
967
991
1091
968
992
1092
969
993
1093
970
994
1094
971
995
1095
972
996
1096
973
997
1097
974
998
1098
999
1099
976
1100
977
1101
978
1102
979
1103
980
1104
981
1105
982
1106
983
1107
984
1108
985
1109
986
1110
987
1111
988
1112
989
1113
990
1114
991
1115
992
1116
993
1117
994
1118
995
1119
996
1120
997
1121
998
1122
999
1123
1124
1001
1025
1125
1002
1026
1126
1003
1027
1127
1004
1028
1128
1005
1029
1129
1006
1030
1130
1007
1031
1131
1008
1032
1132
1009
1033
1133
1010
1034
1134
1011
1035
1135
1012
1036
1136
1013
1037
1137
1014
1038
1138
1015
1039
1139
1016
1040
1140
1017
1041
1141
1018
1042
1142
1019
1043
1143
1020
1044
1144
1021
1045
1145
1022
1046
1146
1023
1047
1147
1024
1048
1148
1049
1149
1026
1050
1150
1027
1051
1151
1028
1052
1152
1029
1053
1153
1030
1054
1154
1031
1055
1155
1032
1056
1156
1033
1057
1157
1034
1058
1158
1035
1059
1159
1036
1060
1160
1037
1061
1161
1038
1062
1162
1039
1063
1163
1040
1064
1164
1041
1065
1165
1042
1066
1166
1043
1067
1167
1044
1068
1168
1045
1069
1169
1046
1070
1170
1047
1071
1171
1048
1072
1172
1049
1073
1173
1074
1174
1051
1075
1175
1052
1076
1176
1053
1077
1177
1054
1078
1178
1055
1079
1179
1056
1080
1180
1057
1081
1181
1058
1082
1182
1059
1083
1183
1060
1084
1184
1061
1085
1185
1062
1086
1186
1063
1087
1187
1064
1088
1188
1065
1089
1189
1066
1090
1190
1067
1091
1191
1068
1092
1192
1069
1093
1193
1070
1094
1194
1071
1095
1195
1072
1096
1196
1073
1097
1197
1074
1098
1198
1099
1199
1076
1100
1200
1077
1101
1201
1078
1102
1202
1079
1103
1203
1080
1104
1204
1081
1105
1205
1082
1106
1206
1083
1107
1207
1084
1108
1208
1085
1109
1209
1086
1110
1210
1087
1111
1211
1088
1112
1212
1089
1113
1213
1090
1114
1214
1091
1115
1215
1092
1116
1216
1093
1117
1217
1094
1118
1218
1095
1119
1219
1096
1120
1220
1097
1121
1221
1098
1122
1222
1099
1123
1223
1124
1224
1101
1225
1102
1226
1103
1227
1104
1228
1105
1229
1106
1230
1107
1231
1108
1232
1109
1233
1110
1234
1111
1235
1112
1236
1113
1237
1114
1238
1115
1239
1116
1240
1117
1241
1118
1242
1119
1243
1120
1244
1121
1245
1122
1246
1123
1247
1124
1248
1249
1126
1150
1127
1151
1128
1152
1129
1153
1130
1154
1131
1155
1132
1156
1133
1157
1134
1158
1135
1159
1136
1160
1137
1161
1138
1162
1139
1163
1140
1164
1141
1165
1142
1166
1143
1167
1144
1168
1145
1169
1146
1170
1147
1171
1148
1172
1149
1173
1174
1151
1175
1152
1176
1153
1177
1154
1178
1155
1179
1156
1180
1157
1181
1158
1182
1159
1183
1160
1184
1161
1185
1162
1186
1163
1187
1164
1188
1165
1189
1166
1190
1167
1191
1168
1192
1169
1193
1170
1194
1171
1195
1172
1196
1173
1197
1174
1198
1199
1176
1200
1177
1201
1178
1202
1179
1203
1180
1204
1181
1205
1182
1206
1183
1207
1184
1208
1185
1209
1186
1210
1187
1211
1188
1212
1189
1213
1190
1214
1191
1215
1192
1216
1193
1217
1194
1218
1195
1219
1196
1220
1197
1221
1198
1222
1199
1223
1224
1201
1225
1202
1226
1203
1227
1204
1228
1205
1229
1206
1230
1207
1231
1208
1232
1209
1233
1210
1234
1211
1235
1212
1236
1213
1237
1214
1238
1215
1239
1216
1240
1217
1241
1218
1242
1219
1243
1220
1244
1221
1245
1222
1246
1223
1247
1224
1248
1249
1226
1227
1228
1229
1230
1231
1232
1233
1234
1235
1236
1237
1238
1239
1240
1241
1242
1243
1244
1245
1246
1247
1248
1249
)


// ************************************************************************* //
