/*--------------------------------*- C++ -*----------------------------------*\
  =========                 |
  \\      /  F ield         | OpenFOAM: The Open Source CFD Toolbox
   \\    /   O peration     | Website:  https://openfoam.org
    \\  /    A nd           | Version:  dev
     \\/     M anipulation  |
\*---------------------------------------------------------------------------*/
FoamFile
{
    format      ascii;
    class       vectorField;
    location    "constant/polyMesh";
    object      points;
}
// * * * * * * * * * * * * * * * * * * * * * * * * * * * * * * * * * * * * * //


1581
(
(0 0 0)
(0.2 0 0)
(0.4 0 0)
(0.6 0 0)
(0.8 0 0)
(1 0 0)
(1.2 0 0)
(1.4 0 0)
(1.6 0 0)
(1.8 0 0)
(2 0 0)
(2.2 0 0)
(2.4 0 0)
(2.6 0 0)
(2.8 0 0)
(3 0 0)
(3.2 0 0)
(3.4 0 0)
(3.6 0 0)
(3.8 0 0)
(4 0 0)
(4.2 0 0)
(4.4 0 0)
(4.6 0 0)
(4.8 0 0)
(5 0 0)
(0 -0.0707106 0.0707106781186548)
(0.2 -0.0707106 0.0707106781186548)
(0.4 -0.0707106 0.0707106781186548)
(0.6 -0.0707106 0.0707106781186548)
(0.8 -0.0707106 0.0707106781186548)
(1 -0.0707106 0.0707106781186548)
(1.2 -0.0707106 0.0707106781186548)
(1.4 -0.0707106 0.0707106781186548)
(1.6 -0.0707106 0.0707106781186548)
(1.8 -0.0707106 0.0707106781186548)
(2 -0.0707106 0.0707106781186548)
(2.2 -0.0707106 0.0707106781186548)
(2.4 -0.0707106 0.0707106781186548)
(2.6 -0.0707106 0.0707106781186548)
(2.8 -0.0707106 0.0707106781186548)
(3 -0.0707106 0.0707106781186548)
(3.2 -0.0707106 0.0707106781186548)
(3.4 -0.0707106 0.0707106781186548)
(3.6 -0.0707106 0.0707106781186548)
(3.8 -0.0707106 0.0707106781186548)
(4 -0.0707106 0.0707106781186548)
(4.2 -0.0707106 0.0707106781186548)
(4.4 -0.0707106 0.0707106781186548)
(4.6 -0.0707106 0.0707106781186548)
(4.8 -0.0707106 0.0707106781186548)
(5 -0.0707106 0.0707106781186548)
(0 -0.0453989889857034 0.0891006520571216)
(0.2 -0.0453989889857034 0.0891006520571216)
(0.4 -0.0453989889857034 0.0891006520571216)
(0.6 -0.0453989889857034 0.0891006520571216)
(0.8 -0.0453989889857034 0.0891006520571216)
(1 -0.0453989889857034 0.0891006520571216)
(1.2 -0.0453989889857034 0.0891006520571216)
(1.4 -0.0453989889857034 0.0891006520571216)
(1.6 -0.0453989889857034 0.0891006520571216)
(1.8 -0.0453989889857034 0.0891006520571216)
(2 -0.0453989889857034 0.0891006520571216)
(2.2 -0.0453989889857034 0.0891006520571216)
(2.4 -0.0453989889857034 0.0891006520571216)
(2.6 -0.0453989889857034 0.0891006520571216)
(2.8 -0.0453989889857034 0.0891006520571216)
(3 -0.0453989889857034 0.0891006520571216)
(3.2 -0.0453989889857034 0.0891006520571216)
(3.4 -0.0453989889857034 0.0891006520571216)
(3.6 -0.0453989889857034 0.0891006520571216)
(3.8 -0.0453989889857034 0.0891006520571216)
(4 -0.0453989889857034 0.0891006520571216)
(4.2 -0.0453989889857034 0.0891006520571216)
(4.4 -0.0453989889857034 0.0891006520571216)
(4.6 -0.0453989889857034 0.0891006520571216)
(4.8 -0.0453989889857034 0.0891006520571216)
(5 -0.0453989889857034 0.0891006520571216)
(0 -0.0156434004089973 0.0987688339984354)
(0.2 -0.0156434004089973 0.0987688339984354)
(0.4 -0.0156434004089973 0.0987688339984354)
(0.6 -0.0156434004089973 0.0987688339984354)
(0.8 -0.0156434004089973 0.0987688339984354)
(1 -0.0156434004089973 0.0987688339984354)
(1.2 -0.0156434004089973 0.0987688339984354)
(1.4 -0.0156434004089973 0.0987688339984354)
(1.6 -0.0156434004089973 0.0987688339984354)
(1.8 -0.0156434004089973 0.0987688339984354)
(2 -0.0156434004089973 0.0987688339984354)
(2.2 -0.0156434004089973 0.0987688339984354)
(2.4 -0.0156434004089973 0.0987688339984354)
(2.6 -0.0156434004089973 0.0987688339984354)
(2.8 -0.0156434004089973 0.0987688339984354)
(3 -0.0156434004089973 0.0987688339984354)
(3.2 -0.0156434004089973 0.0987688339984354)
(3.4 -0.0156434004089973 0.0987688339984354)
(3.6 -0.0156434004089973 0.0987688339984354)
(3.8 -0.0156434004089973 0.0987688339984354)
(4 -0.0156434004089973 0.0987688339984354)
(4.2 -0.0156434004089973 0.0987688339984354)
(4.4 -0.0156434004089973 0.0987688339984354)
(4.6 -0.0156434004089973 0.0987688339984354)
(4.8 -0.0156434004089973 0.0987688339984354)
(5 -0.0156434004089973 0.0987688339984354)
(0 0.015643478527652 0.0987688339984354)
(0.2 0.015643478527652 0.0987688339984354)
(0.4 0.015643478527652 0.0987688339984354)
(0.6 0.015643478527652 0.0987688339984354)
(0.8 0.015643478527652 0.0987688339984354)
(1 0.015643478527652 0.0987688339984354)
(1.2 0.015643478527652 0.0987688339984354)
(1.4 0.015643478527652 0.0987688339984354)
(1.6 0.015643478527652 0.0987688339984354)
(1.8 0.015643478527652 0.0987688339984354)
(2 0.015643478527652 0.0987688339984354)
(2.2 0.015643478527652 0.0987688339984354)
(2.4 0.015643478527652 0.0987688339984354)
(2.6 0.015643478527652 0.0987688339984354)
(2.8 0.015643478527652 0.0987688339984354)
(3 0.015643478527652 0.0987688339984354)
(3.2 0.015643478527652 0.0987688339984354)
(3.4 0.015643478527652 0.0987688339984354)
(3.6 0.015643478527652 0.0987688339984354)
(3.8 0.015643478527652 0.0987688339984354)
(4 0.015643478527652 0.0987688339984354)
(4.2 0.015643478527652 0.0987688339984354)
(4.4 0.015643478527652 0.0987688339984354)
(4.6 0.015643478527652 0.0987688339984354)
(4.8 0.015643478527652 0.0987688339984354)
(5 0.015643478527652 0.0987688339984354)
(0 0.0453990671043582 0.0891006520571216)
(0.2 0.0453990671043582 0.0891006520571216)
(0.4 0.0453990671043582 0.0891006520571216)
(0.6 0.0453990671043582 0.0891006520571216)
(0.8 0.0453990671043582 0.0891006520571216)
(1 0.0453990671043582 0.0891006520571216)
(1.2 0.0453990671043582 0.0891006520571216)
(1.4 0.0453990671043582 0.0891006520571216)
(1.6 0.0453990671043582 0.0891006520571216)
(1.8 0.0453990671043582 0.0891006520571216)
(2 0.0453990671043582 0.0891006520571216)
(2.2 0.0453990671043582 0.0891006520571216)
(2.4 0.0453990671043582 0.0891006520571216)
(2.6 0.0453990671043582 0.0891006520571216)
(2.8 0.0453990671043582 0.0891006520571216)
(3 0.0453990671043582 0.0891006520571216)
(3.2 0.0453990671043582 0.0891006520571216)
(3.4 0.0453990671043581 0.0891006520571216)
(3.6 0.0453990671043581 0.0891006520571216)
(3.8 0.0453990671043582 0.0891006520571216)
(4 0.0453990671043582 0.0891006520571216)
(4.2 0.0453990671043582 0.0891006520571216)
(4.4 0.0453990671043582 0.0891006520571216)
(4.6 0.0453990671043582 0.0891006520571216)
(4.8 0.0453990671043582 0.0891006520571216)
(5 0.0453990671043582 0.0891006520571216)
(0 0.0707106781186548 0.0707106781186548)
(0.2 0.0707106781186548 0.0707106781186548)
(0.4 0.0707106781186548 0.0707106781186548)
(0.6 0.0707106781186548 0.0707106781186548)
(0.8 0.0707106781186548 0.0707106781186548)
(1 0.0707106781186548 0.0707106781186548)
(1.2 0.0707106781186548 0.0707106781186548)
(1.4 0.0707106781186548 0.0707106781186548)
(1.6 0.0707106781186548 0.0707106781186548)
(1.8 0.0707106781186548 0.0707106781186548)
(2 0.0707106781186548 0.0707106781186548)
(2.2 0.0707106781186548 0.0707106781186548)
(2.4 0.0707106781186548 0.0707106781186548)
(2.6 0.0707106781186548 0.0707106781186548)
(2.8 0.0707106781186548 0.0707106781186548)
(3 0.0707106781186548 0.0707106781186548)
(3.2 0.0707106781186548 0.0707106781186548)
(3.4 0.0707106781186548 0.0707106781186548)
(3.6 0.0707106781186548 0.0707106781186548)
(3.8 0.0707106781186548 0.0707106781186548)
(4 0.0707106781186548 0.0707106781186548)
(4.2 0.0707106781186548 0.0707106781186548)
(4.4 0.0707106781186548 0.0707106781186548)
(4.6 0.0707106781186548 0.0707106781186548)
(4.8 0.0707106781186548 0.0707106781186547)
(5 0.0707106781186548 0.0707106781186548)
(0 -0.1414212 0.14142135623731)
(0.2 -0.1414212 0.14142135623731)
(0.4 -0.1414212 0.14142135623731)
(0.6 -0.1414212 0.14142135623731)
(0.8 -0.1414212 0.14142135623731)
(1 -0.1414212 0.14142135623731)
(1.2 -0.1414212 0.14142135623731)
(1.4 -0.1414212 0.14142135623731)
(1.6 -0.1414212 0.14142135623731)
(1.8 -0.1414212 0.14142135623731)
(2 -0.1414212 0.14142135623731)
(2.2 -0.1414212 0.14142135623731)
(2.4 -0.1414212 0.14142135623731)
(2.6 -0.1414212 0.14142135623731)
(2.8 -0.1414212 0.14142135623731)
(3 -0.1414212 0.14142135623731)
(3.2 -0.1414212 0.14142135623731)
(3.4 -0.1414212 0.14142135623731)
(3.6 -0.1414212 0.14142135623731)
(3.8 -0.1414212 0.14142135623731)
(4 -0.1414212 0.14142135623731)
(4.2 -0.1414212 0.14142135623731)
(4.4 -0.1414212 0.14142135623731)
(4.6 -0.1414212 0.14142135623731)
(4.8 -0.1414212 0.14142135623731)
(5 -0.1414212 0.14142135623731)
(0 -0.0907979779714068 0.178201304114243)
(0.2 -0.0907979779714068 0.178201304114243)
(0.4 -0.0907979779714068 0.178201304114243)
(0.6 -0.0907979779714068 0.178201304114243)
(0.8 -0.0907979779714068 0.178201304114243)
(1 -0.0907979779714068 0.178201304114243)
(1.2 -0.0907979779714068 0.178201304114243)
(1.4 -0.0907979779714068 0.178201304114243)
(1.6 -0.0907979779714068 0.178201304114243)
(1.8 -0.0907979779714068 0.178201304114243)
(2 -0.0907979779714068 0.178201304114243)
(2.2 -0.0907979779714068 0.178201304114243)
(2.4 -0.0907979779714068 0.178201304114243)
(2.6 -0.0907979779714068 0.178201304114243)
(2.8 -0.0907979779714068 0.178201304114243)
(3 -0.0907979779714068 0.178201304114243)
(3.2 -0.0907979779714068 0.178201304114243)
(3.4 -0.0907979779714068 0.178201304114243)
(3.6 -0.0907979779714068 0.178201304114243)
(3.8 -0.0907979779714068 0.178201304114243)
(4 -0.0907979779714068 0.178201304114243)
(4.2 -0.0907979779714068 0.178201304114243)
(4.4 -0.0907979779714068 0.178201304114243)
(4.6 -0.0907979779714068 0.178201304114243)
(4.8 -0.0907979779714069 0.178201304114243)
(5 -0.0907979779714068 0.178201304114243)
(0 -0.0312868008179946 0.197537667996871)
(0.2 -0.0312868008179945 0.197537667996871)
(0.4 -0.0312868008179945 0.197537667996871)
(0.6 -0.0312868008179945 0.197537667996871)
(0.8 -0.0312868008179945 0.197537667996871)
(1 -0.0312868008179945 0.197537667996871)
(1.2 -0.0312868008179946 0.197537667996871)
(1.4 -0.0312868008179946 0.197537667996871)
(1.6 -0.0312868008179946 0.197537667996871)
(1.8 -0.0312868008179946 0.197537667996871)
(2 -0.0312868008179946 0.197537667996871)
(2.2 -0.0312868008179946 0.197537667996871)
(2.4 -0.0312868008179945 0.197537667996871)
(2.6 -0.0312868008179946 0.197537667996871)
(2.8 -0.0312868008179945 0.197537667996871)
(3 -0.0312868008179946 0.197537667996871)
(3.2 -0.0312868008179946 0.197537667996871)
(3.4 -0.0312868008179946 0.197537667996871)
(3.6 -0.0312868008179946 0.197537667996871)
(3.8 -0.0312868008179945 0.197537667996871)
(4 -0.0312868008179945 0.197537667996871)
(4.2 -0.0312868008179945 0.197537667996871)
(4.4 -0.0312868008179945 0.197537667996871)
(4.6 -0.0312868008179945 0.197537667996871)
(4.8 -0.0312868008179946 0.197537667996871)
(5 -0.0312868008179946 0.197537667996871)
(0 0.0312869570553041 0.197537667996871)
(0.2 0.0312869570553041 0.197537667996871)
(0.4 0.0312869570553041 0.197537667996871)
(0.6 0.0312869570553041 0.197537667996871)
(0.8 0.0312869570553041 0.197537667996871)
(1 0.0312869570553041 0.197537667996871)
(1.2 0.0312869570553041 0.197537667996871)
(1.4 0.0312869570553041 0.197537667996871)
(1.6 0.0312869570553041 0.197537667996871)
(1.8 0.0312869570553041 0.197537667996871)
(2 0.0312869570553041 0.197537667996871)
(2.2 0.0312869570553041 0.197537667996871)
(2.4 0.0312869570553041 0.197537667996871)
(2.6 0.0312869570553041 0.197537667996871)
(2.8 0.0312869570553041 0.197537667996871)
(3 0.0312869570553041 0.197537667996871)
(3.2 0.0312869570553041 0.197537667996871)
(3.4 0.0312869570553041 0.197537667996871)
(3.6 0.0312869570553041 0.197537667996871)
(3.8 0.0312869570553041 0.197537667996871)
(4 0.0312869570553041 0.197537667996871)
(4.2 0.0312869570553041 0.197537667996871)
(4.4 0.0312869570553041 0.197537667996871)
(4.6 0.0312869570553041 0.197537667996871)
(4.8 0.0312869570553041 0.197537667996871)
(5 0.0312869570553041 0.197537667996871)
(0 0.0907981342087163 0.178201304114243)
(0.2 0.0907981342087163 0.178201304114243)
(0.4 0.0907981342087163 0.178201304114243)
(0.6 0.0907981342087163 0.178201304114243)
(0.8 0.0907981342087163 0.178201304114243)
(1 0.0907981342087163 0.178201304114243)
(1.2 0.0907981342087163 0.178201304114243)
(1.4 0.0907981342087163 0.178201304114243)
(1.6 0.0907981342087163 0.178201304114243)
(1.8 0.0907981342087163 0.178201304114243)
(2 0.0907981342087163 0.178201304114243)
(2.2 0.0907981342087163 0.178201304114243)
(2.4 0.0907981342087163 0.178201304114243)
(2.6 0.0907981342087163 0.178201304114243)
(2.8 0.0907981342087163 0.178201304114243)
(3 0.0907981342087163 0.178201304114243)
(3.2 0.0907981342087163 0.178201304114243)
(3.4 0.0907981342087163 0.178201304114243)
(3.6 0.0907981342087163 0.178201304114243)
(3.8 0.0907981342087163 0.178201304114243)
(4 0.0907981342087163 0.178201304114243)
(4.2 0.0907981342087163 0.178201304114243)
(4.4 0.0907981342087163 0.178201304114243)
(4.6 0.0907981342087163 0.178201304114243)
(4.8 0.0907981342087163 0.178201304114243)
(5 0.0907981342087163 0.178201304114243)
(0 0.14142135623731 0.14142135623731)
(0.2 0.14142135623731 0.14142135623731)
(0.4 0.14142135623731 0.14142135623731)
(0.6 0.14142135623731 0.14142135623731)
(0.8 0.14142135623731 0.14142135623731)
(1 0.14142135623731 0.14142135623731)
(1.2 0.14142135623731 0.14142135623731)
(1.4 0.14142135623731 0.14142135623731)
(1.6 0.14142135623731 0.141421356237309)
(1.8 0.14142135623731 0.14142135623731)
(2 0.14142135623731 0.14142135623731)
(2.2 0.14142135623731 0.14142135623731)
(2.4 0.14142135623731 0.14142135623731)
(2.6 0.14142135623731 0.14142135623731)
(2.8 0.14142135623731 0.14142135623731)
(3 0.14142135623731 0.14142135623731)
(3.2 0.14142135623731 0.14142135623731)
(3.4 0.14142135623731 0.14142135623731)
(3.6 0.14142135623731 0.14142135623731)
(3.8 0.14142135623731 0.14142135623731)
(4 0.14142135623731 0.14142135623731)
(4.2 0.14142135623731 0.14142135623731)
(4.4 0.14142135623731 0.14142135623731)
(4.6 0.14142135623731 0.14142135623731)
(4.8 0.14142135623731 0.141421356237309)
(5 0.14142135623731 0.14142135623731)
(0 -0.2121318 0.212132034355964)
(0.2 -0.2121318 0.212132034355964)
(0.4 -0.2121318 0.212132034355964)
(0.6 -0.2121318 0.212132034355964)
(0.8 -0.2121318 0.212132034355964)
(1 -0.2121318 0.212132034355964)
(1.2 -0.2121318 0.212132034355964)
(1.4 -0.2121318 0.212132034355964)
(1.6 -0.2121318 0.212132034355964)
(1.8 -0.2121318 0.212132034355964)
(2 -0.2121318 0.212132034355964)
(2.2 -0.2121318 0.212132034355964)
(2.4 -0.2121318 0.212132034355964)
(2.6 -0.2121318 0.212132034355964)
(2.8 -0.2121318 0.212132034355964)
(3 -0.2121318 0.212132034355964)
(3.2 -0.2121318 0.212132034355964)
(3.4 -0.2121318 0.212132034355964)
(3.6 -0.2121318 0.212132034355964)
(3.8 -0.2121318 0.212132034355964)
(4 -0.2121318 0.212132034355964)
(4.2 -0.2121318 0.212132034355964)
(4.4 -0.2121318 0.212132034355964)
(4.6 -0.2121318 0.212132034355964)
(4.8 -0.2121318 0.212132034355964)
(5 -0.2121318 0.212132034355964)
(0 -0.13619696695711 0.267301956171365)
(0.2 -0.13619696695711 0.267301956171365)
(0.4 -0.13619696695711 0.267301956171365)
(0.6 -0.13619696695711 0.267301956171365)
(0.8 -0.13619696695711 0.267301956171365)
(1 -0.13619696695711 0.267301956171365)
(1.2 -0.13619696695711 0.267301956171365)
(1.4 -0.13619696695711 0.267301956171365)
(1.6 -0.13619696695711 0.267301956171365)
(1.8 -0.13619696695711 0.267301956171365)
(2 -0.13619696695711 0.267301956171365)
(2.2 -0.13619696695711 0.267301956171365)
(2.4 -0.13619696695711 0.267301956171365)
(2.6 -0.13619696695711 0.267301956171365)
(2.8 -0.13619696695711 0.267301956171365)
(3 -0.13619696695711 0.267301956171365)
(3.2 -0.13619696695711 0.267301956171365)
(3.4 -0.13619696695711 0.267301956171365)
(3.6 -0.13619696695711 0.267301956171365)
(3.8 -0.13619696695711 0.267301956171365)
(4 -0.13619696695711 0.267301956171365)
(4.2 -0.13619696695711 0.267301956171365)
(4.4 -0.13619696695711 0.267301956171365)
(4.6 -0.13619696695711 0.267301956171365)
(4.8 -0.13619696695711 0.267301956171365)
(5 -0.13619696695711 0.267301956171365)
(0 -0.0469302012269918 0.296306501995306)
(0.2 -0.0469302012269918 0.296306501995306)
(0.4 -0.0469302012269918 0.296306501995306)
(0.6 -0.0469302012269918 0.296306501995306)
(0.8 -0.0469302012269918 0.296306501995306)
(1 -0.0469302012269918 0.296306501995306)
(1.2 -0.0469302012269918 0.296306501995306)
(1.4 -0.0469302012269918 0.296306501995306)
(1.6 -0.0469302012269918 0.296306501995306)
(1.8 -0.0469302012269918 0.296306501995306)
(2 -0.0469302012269918 0.296306501995306)
(2.2 -0.0469302012269918 0.296306501995306)
(2.4 -0.0469302012269918 0.296306501995306)
(2.6 -0.0469302012269918 0.296306501995306)
(2.8 -0.0469302012269918 0.296306501995306)
(3 -0.0469302012269918 0.296306501995306)
(3.2 -0.0469302012269918 0.296306501995306)
(3.4 -0.0469302012269918 0.296306501995306)
(3.6 -0.0469302012269918 0.296306501995306)
(3.8 -0.0469302012269918 0.296306501995306)
(4 -0.0469302012269918 0.296306501995306)
(4.2 -0.0469302012269918 0.296306501995306)
(4.4 -0.0469302012269918 0.296306501995306)
(4.6 -0.0469302012269918 0.296306501995306)
(4.8 -0.0469302012269918 0.296306501995306)
(5 -0.0469302012269918 0.296306501995306)
(0 0.0469304355829561 0.296306501995306)
(0.2 0.0469304355829561 0.296306501995306)
(0.4 0.0469304355829561 0.296306501995306)
(0.6 0.0469304355829561 0.296306501995306)
(0.8 0.0469304355829561 0.296306501995306)
(1 0.0469304355829561 0.296306501995306)
(1.2 0.0469304355829561 0.296306501995306)
(1.4 0.0469304355829561 0.296306501995306)
(1.6 0.0469304355829561 0.296306501995306)
(1.8 0.0469304355829561 0.296306501995306)
(2 0.0469304355829561 0.296306501995306)
(2.2 0.0469304355829561 0.296306501995306)
(2.4 0.0469304355829561 0.296306501995306)
(2.6 0.0469304355829561 0.296306501995306)
(2.8 0.0469304355829561 0.296306501995306)
(3 0.0469304355829561 0.296306501995306)
(3.2 0.0469304355829561 0.296306501995306)
(3.4 0.0469304355829561 0.296306501995306)
(3.6 0.0469304355829561 0.296306501995306)
(3.8 0.0469304355829561 0.296306501995306)
(4 0.0469304355829561 0.296306501995306)
(4.2 0.0469304355829561 0.296306501995306)
(4.4 0.0469304355829561 0.296306501995306)
(4.6 0.0469304355829561 0.296306501995306)
(4.8 0.0469304355829561 0.296306501995306)
(5 0.0469304355829561 0.296306501995306)
(0 0.136197201313074 0.267301956171365)
(0.2 0.136197201313074 0.267301956171365)
(0.4 0.136197201313074 0.267301956171365)
(0.6 0.136197201313074 0.267301956171365)
(0.8 0.136197201313074 0.267301956171365)
(1 0.136197201313074 0.267301956171365)
(1.2 0.136197201313074 0.267301956171365)
(1.4 0.136197201313074 0.267301956171365)
(1.6 0.136197201313074 0.267301956171365)
(1.8 0.136197201313074 0.267301956171365)
(2 0.136197201313074 0.267301956171365)
(2.2 0.136197201313074 0.267301956171365)
(2.4 0.136197201313074 0.267301956171365)
(2.6 0.136197201313074 0.267301956171365)
(2.8 0.136197201313074 0.267301956171365)
(3 0.136197201313074 0.267301956171365)
(3.2 0.136197201313074 0.267301956171365)
(3.4 0.136197201313074 0.267301956171365)
(3.6 0.136197201313074 0.267301956171365)
(3.8 0.136197201313074 0.267301956171365)
(4 0.136197201313074 0.267301956171365)
(4.2 0.136197201313074 0.267301956171365)
(4.4 0.136197201313074 0.267301956171365)
(4.6 0.136197201313074 0.267301956171365)
(4.8 0.136197201313074 0.267301956171365)
(5 0.136197201313074 0.267301956171365)
(0 0.212132034355964 0.212132034355964)
(0.2 0.212132034355964 0.212132034355964)
(0.4 0.212132034355964 0.212132034355964)
(0.6 0.212132034355964 0.212132034355964)
(0.8 0.212132034355964 0.212132034355964)
(1 0.212132034355964 0.212132034355964)
(1.2 0.212132034355964 0.212132034355964)
(1.4 0.212132034355964 0.212132034355964)
(1.6 0.212132034355964 0.212132034355964)
(1.8 0.212132034355964 0.212132034355964)
(2 0.212132034355964 0.212132034355964)
(2.2 0.212132034355964 0.212132034355964)
(2.4 0.212132034355964 0.212132034355964)
(2.6 0.212132034355964 0.212132034355964)
(2.8 0.212132034355964 0.212132034355964)
(3 0.212132034355964 0.212132034355964)
(3.2 0.212132034355964 0.212132034355964)
(3.4 0.212132034355964 0.212132034355964)
(3.6 0.212132034355964 0.212132034355964)
(3.8 0.212132034355964 0.212132034355964)
(4 0.212132034355964 0.212132034355964)
(4.2 0.212132034355964 0.212132034355964)
(4.4 0.212132034355964 0.212132034355964)
(4.6 0.212132034355964 0.212132034355964)
(4.8 0.212132034355964 0.212132034355964)
(5 0.212132034355964 0.212132034355964)
(0 -0.2828424 0.282842712474619)
(0.2 -0.2828424 0.282842712474619)
(0.4 -0.2828424 0.282842712474619)
(0.6 -0.2828424 0.282842712474619)
(0.8 -0.2828424 0.282842712474619)
(1 -0.2828424 0.282842712474619)
(1.2 -0.2828424 0.282842712474619)
(1.4 -0.2828424 0.282842712474619)
(1.6 -0.2828424 0.282842712474619)
(1.8 -0.2828424 0.282842712474619)
(2 -0.2828424 0.282842712474619)
(2.2 -0.2828424 0.282842712474619)
(2.4 -0.2828424 0.282842712474619)
(2.6 -0.2828424 0.282842712474619)
(2.8 -0.2828424 0.282842712474619)
(3 -0.2828424 0.282842712474619)
(3.2 -0.2828424 0.282842712474619)
(3.4 -0.2828424 0.282842712474619)
(3.6 -0.2828424 0.282842712474619)
(3.8 -0.2828424 0.282842712474619)
(4 -0.2828424 0.282842712474619)
(4.2 -0.2828424 0.282842712474619)
(4.4 -0.2828424 0.282842712474619)
(4.6 -0.2828424 0.282842712474619)
(4.8 -0.2828424 0.282842712474619)
(5 -0.2828424 0.282842712474619)
(0 -0.181595955942814 0.356402608228486)
(0.2 -0.181595955942814 0.356402608228486)
(0.4 -0.181595955942814 0.356402608228486)
(0.6 -0.181595955942814 0.356402608228486)
(0.8 -0.181595955942814 0.356402608228486)
(1 -0.181595955942814 0.356402608228486)
(1.2 -0.181595955942814 0.356402608228486)
(1.4 -0.181595955942814 0.356402608228486)
(1.6 -0.181595955942814 0.356402608228486)
(1.8 -0.181595955942814 0.356402608228486)
(2 -0.181595955942814 0.356402608228486)
(2.2 -0.181595955942814 0.356402608228486)
(2.4 -0.181595955942814 0.356402608228486)
(2.6 -0.181595955942814 0.356402608228486)
(2.8 -0.181595955942814 0.356402608228486)
(3 -0.181595955942814 0.356402608228486)
(3.2 -0.181595955942814 0.356402608228486)
(3.4 -0.181595955942814 0.356402608228486)
(3.6 -0.181595955942814 0.356402608228486)
(3.8 -0.181595955942814 0.356402608228486)
(4 -0.181595955942814 0.356402608228486)
(4.2 -0.181595955942814 0.356402608228486)
(4.4 -0.181595955942814 0.356402608228486)
(4.6 -0.181595955942814 0.356402608228486)
(4.8 -0.181595955942814 0.356402608228486)
(5 -0.181595955942814 0.356402608228486)
(0 -0.0625736016359891 0.395075335993742)
(0.2 -0.0625736016359891 0.395075335993742)
(0.4 -0.0625736016359891 0.395075335993742)
(0.6 -0.0625736016359891 0.395075335993742)
(0.8 -0.0625736016359891 0.395075335993742)
(1 -0.0625736016359891 0.395075335993742)
(1.2 -0.0625736016359891 0.395075335993742)
(1.4 -0.0625736016359891 0.395075335993742)
(1.6 -0.0625736016359891 0.395075335993742)
(1.8 -0.0625736016359891 0.395075335993742)
(2 -0.0625736016359891 0.395075335993742)
(2.2 -0.0625736016359891 0.395075335993742)
(2.4 -0.0625736016359891 0.395075335993742)
(2.6 -0.0625736016359891 0.395075335993742)
(2.8 -0.0625736016359891 0.395075335993742)
(3 -0.0625736016359891 0.395075335993742)
(3.2 -0.0625736016359891 0.395075335993742)
(3.4 -0.0625736016359891 0.395075335993742)
(3.6 -0.0625736016359891 0.395075335993742)
(3.8 -0.0625736016359891 0.395075335993742)
(4 -0.0625736016359891 0.395075335993742)
(4.2 -0.0625736016359891 0.395075335993742)
(4.4 -0.0625736016359891 0.395075335993742)
(4.6 -0.0625736016359891 0.395075335993742)
(4.8 -0.0625736016359891 0.395075335993742)
(5 -0.0625736016359891 0.395075335993742)
(0 0.0625739141106082 0.395075335993742)
(0.2 0.0625739141106082 0.395075335993742)
(0.4 0.0625739141106082 0.395075335993742)
(0.6 0.0625739141106082 0.395075335993742)
(0.8 0.0625739141106082 0.395075335993742)
(1 0.0625739141106082 0.395075335993742)
(1.2 0.0625739141106082 0.395075335993742)
(1.4 0.0625739141106082 0.395075335993742)
(1.6 0.0625739141106082 0.395075335993742)
(1.8 0.0625739141106082 0.395075335993742)
(2 0.0625739141106082 0.395075335993742)
(2.2 0.0625739141106082 0.395075335993742)
(2.4 0.0625739141106082 0.395075335993742)
(2.6 0.0625739141106082 0.395075335993742)
(2.8 0.0625739141106082 0.395075335993742)
(3 0.0625739141106082 0.395075335993742)
(3.2 0.0625739141106082 0.395075335993742)
(3.4 0.0625739141106082 0.395075335993742)
(3.6 0.0625739141106082 0.395075335993742)
(3.8 0.0625739141106082 0.395075335993742)
(4 0.0625739141106082 0.395075335993742)
(4.2 0.0625739141106082 0.395075335993742)
(4.4 0.0625739141106082 0.395075335993742)
(4.6 0.0625739141106082 0.395075335993742)
(4.8 0.0625739141106082 0.395075335993742)
(5 0.0625739141106082 0.395075335993742)
(0 0.181596268417433 0.356402608228486)
(0.2 0.181596268417433 0.356402608228486)
(0.4 0.181596268417433 0.356402608228486)
(0.6 0.181596268417433 0.356402608228486)
(0.8 0.181596268417433 0.356402608228486)
(1 0.181596268417433 0.356402608228486)
(1.2 0.181596268417433 0.356402608228486)
(1.4 0.181596268417433 0.356402608228486)
(1.6 0.181596268417433 0.356402608228486)
(1.8 0.181596268417433 0.356402608228486)
(2 0.181596268417433 0.356402608228486)
(2.2 0.181596268417433 0.356402608228486)
(2.4 0.181596268417433 0.356402608228486)
(2.6 0.181596268417433 0.356402608228486)
(2.8 0.181596268417433 0.356402608228486)
(3 0.181596268417433 0.356402608228486)
(3.2 0.181596268417433 0.356402608228486)
(3.4 0.181596268417433 0.356402608228486)
(3.6 0.181596268417433 0.356402608228486)
(3.8 0.181596268417433 0.356402608228486)
(4 0.181596268417433 0.356402608228486)
(4.2 0.181596268417433 0.356402608228486)
(4.4 0.181596268417433 0.356402608228486)
(4.6 0.181596268417433 0.356402608228486)
(4.8 0.181596268417433 0.356402608228486)
(5 0.181596268417433 0.356402608228486)
(0 0.282842712474619 0.282842712474619)
(0.2 0.282842712474619 0.282842712474619)
(0.4 0.282842712474619 0.282842712474619)
(0.6 0.282842712474619 0.282842712474619)
(0.8 0.282842712474619 0.282842712474619)
(1 0.282842712474619 0.282842712474619)
(1.2 0.282842712474619 0.282842712474619)
(1.4 0.282842712474619 0.282842712474619)
(1.6 0.282842712474619 0.282842712474619)
(1.8 0.282842712474619 0.282842712474619)
(2 0.282842712474619 0.282842712474619)
(2.2 0.282842712474619 0.282842712474619)
(2.4 0.282842712474619 0.282842712474619)
(2.6 0.282842712474619 0.282842712474619)
(2.8 0.282842712474619 0.282842712474619)
(3 0.282842712474619 0.282842712474619)
(3.2 0.282842712474619 0.282842712474619)
(3.4 0.282842712474619 0.282842712474619)
(3.6 0.282842712474619 0.282842712474619)
(3.8 0.282842712474619 0.282842712474619)
(4 0.282842712474619 0.282842712474619)
(4.2 0.282842712474619 0.282842712474619)
(4.4 0.282842712474619 0.282842712474619)
(4.6 0.282842712474619 0.282842712474619)
(4.8 0.282842712474619 0.282842712474619)
(5 0.282842712474619 0.282842712474619)
(0 -0.353553 0.353553390593274)
(0.2 -0.353553 0.353553390593274)
(0.4 -0.353553 0.353553390593274)
(0.6 -0.353553 0.353553390593274)
(0.8 -0.353553 0.353553390593274)
(1 -0.353553 0.353553390593274)
(1.2 -0.353553 0.353553390593274)
(1.4 -0.353553 0.353553390593274)
(1.6 -0.353553 0.353553390593274)
(1.8 -0.353553 0.353553390593274)
(2 -0.353553 0.353553390593274)
(2.2 -0.353553 0.353553390593274)
(2.4 -0.353553 0.353553390593274)
(2.6 -0.353553 0.353553390593274)
(2.8 -0.353553 0.353553390593274)
(3 -0.353553 0.353553390593274)
(3.2 -0.353553 0.353553390593274)
(3.4 -0.353553 0.353553390593274)
(3.6 -0.353553 0.353553390593274)
(3.8 -0.353553 0.353553390593274)
(4 -0.353553 0.353553390593274)
(4.2 -0.353553 0.353553390593274)
(4.4 -0.353553 0.353553390593274)
(4.6 -0.353553 0.353553390593274)
(4.8 -0.353553 0.353553390593274)
(5 -0.353553 0.353553390593274)
(0 -0.226994944928517 0.445503260285608)
(0.2 -0.226994944928517 0.445503260285608)
(0.4 -0.226994944928517 0.445503260285608)
(0.6 -0.226994944928517 0.445503260285608)
(0.8 -0.226994944928517 0.445503260285608)
(1 -0.226994944928517 0.445503260285608)
(1.2 -0.226994944928517 0.445503260285608)
(1.4 -0.226994944928517 0.445503260285608)
(1.6 -0.226994944928517 0.445503260285608)
(1.8 -0.226994944928517 0.445503260285608)
(2 -0.226994944928517 0.445503260285608)
(2.2 -0.226994944928517 0.445503260285608)
(2.4 -0.226994944928517 0.445503260285608)
(2.6 -0.226994944928517 0.445503260285608)
(2.8 -0.226994944928517 0.445503260285608)
(3 -0.226994944928517 0.445503260285608)
(3.2 -0.226994944928517 0.445503260285608)
(3.4 -0.226994944928517 0.445503260285608)
(3.6 -0.226994944928517 0.445503260285608)
(3.8 -0.226994944928517 0.445503260285608)
(4 -0.226994944928517 0.445503260285608)
(4.2 -0.226994944928517 0.445503260285608)
(4.4 -0.226994944928517 0.445503260285608)
(4.6 -0.226994944928517 0.445503260285608)
(4.8 -0.226994944928517 0.445503260285608)
(5 -0.226994944928517 0.445503260285608)
(0 -0.0782170020449864 0.493844169992177)
(0.2 -0.0782170020449864 0.493844169992177)
(0.4 -0.0782170020449864 0.493844169992177)
(0.6 -0.0782170020449864 0.493844169992177)
(0.8 -0.0782170020449864 0.493844169992177)
(1 -0.0782170020449863 0.493844169992177)
(1.2 -0.0782170020449864 0.493844169992177)
(1.4 -0.0782170020449864 0.493844169992177)
(1.6 -0.0782170020449864 0.493844169992177)
(1.8 -0.0782170020449864 0.493844169992177)
(2 -0.0782170020449864 0.493844169992177)
(2.2 -0.0782170020449864 0.493844169992177)
(2.4 -0.0782170020449864 0.493844169992177)
(2.6 -0.0782170020449864 0.493844169992177)
(2.8 -0.0782170020449864 0.493844169992177)
(3 -0.0782170020449864 0.493844169992177)
(3.2 -0.0782170020449864 0.493844169992177)
(3.4 -0.0782170020449864 0.493844169992177)
(3.6 -0.0782170020449864 0.493844169992177)
(3.8 -0.0782170020449864 0.493844169992177)
(4 -0.0782170020449864 0.493844169992177)
(4.2 -0.0782170020449864 0.493844169992177)
(4.4 -0.0782170020449864 0.493844169992177)
(4.6 -0.0782170020449864 0.493844169992177)
(4.8 -0.0782170020449864 0.493844169992177)
(5 -0.0782170020449864 0.493844169992177)
(0 0.0782173926382602 0.493844169992177)
(0.2 0.0782173926382602 0.493844169992177)
(0.4 0.0782173926382602 0.493844169992177)
(0.6 0.0782173926382602 0.493844169992177)
(0.8 0.0782173926382602 0.493844169992177)
(1 0.0782173926382602 0.493844169992177)
(1.2 0.0782173926382602 0.493844169992177)
(1.4 0.0782173926382602 0.493844169992177)
(1.6 0.0782173926382602 0.493844169992177)
(1.8 0.0782173926382602 0.493844169992177)
(2 0.0782173926382602 0.493844169992177)
(2.2 0.0782173926382602 0.493844169992177)
(2.4 0.0782173926382602 0.493844169992177)
(2.6 0.0782173926382602 0.493844169992177)
(2.8 0.0782173926382602 0.493844169992177)
(3 0.0782173926382602 0.493844169992177)
(3.2 0.0782173926382602 0.493844169992177)
(3.4 0.0782173926382602 0.493844169992177)
(3.6 0.0782173926382602 0.493844169992177)
(3.8 0.0782173926382602 0.493844169992177)
(4 0.0782173926382602 0.493844169992177)
(4.2 0.0782173926382602 0.493844169992177)
(4.4 0.0782173926382602 0.493844169992177)
(4.6 0.0782173926382602 0.493844169992177)
(4.8 0.0782173926382602 0.493844169992177)
(5 0.0782173926382602 0.493844169992177)
(0 0.226995335521791 0.445503260285608)
(0.2 0.226995335521791 0.445503260285608)
(0.4 0.226995335521791 0.445503260285608)
(0.6 0.226995335521791 0.445503260285608)
(0.8 0.226995335521791 0.445503260285608)
(1 0.226995335521791 0.445503260285608)
(1.2 0.226995335521791 0.445503260285608)
(1.4 0.226995335521791 0.445503260285608)
(1.6 0.226995335521791 0.445503260285608)
(1.8 0.226995335521791 0.445503260285608)
(2 0.226995335521791 0.445503260285608)
(2.2 0.226995335521791 0.445503260285608)
(2.4 0.226995335521791 0.445503260285608)
(2.6 0.226995335521791 0.445503260285608)
(2.8 0.226995335521791 0.445503260285608)
(3 0.226995335521791 0.445503260285608)
(3.2 0.226995335521791 0.445503260285608)
(3.4 0.226995335521791 0.445503260285608)
(3.6 0.226995335521791 0.445503260285608)
(3.8 0.226995335521791 0.445503260285608)
(4 0.226995335521791 0.445503260285608)
(4.2 0.226995335521791 0.445503260285608)
(4.4 0.226995335521791 0.445503260285608)
(4.6 0.226995335521791 0.445503260285608)
(4.8 0.226995335521791 0.445503260285608)
(5 0.226995335521791 0.445503260285608)
(0 0.353553390593274 0.353553390593274)
(0.2 0.353553390593274 0.353553390593274)
(0.4 0.353553390593274 0.353553390593274)
(0.6 0.353553390593274 0.353553390593274)
(0.8 0.353553390593274 0.353553390593274)
(1 0.353553390593274 0.353553390593274)
(1.2 0.353553390593274 0.353553390593274)
(1.4 0.353553390593274 0.353553390593274)
(1.6 0.353553390593274 0.353553390593274)
(1.8 0.353553390593274 0.353553390593274)
(2 0.353553390593274 0.353553390593274)
(2.2 0.353553390593274 0.353553390593274)
(2.4 0.353553390593274 0.353553390593274)
(2.6 0.353553390593274 0.353553390593274)
(2.8 0.353553390593274 0.353553390593274)
(3 0.353553390593274 0.353553390593274)
(3.2 0.353553390593274 0.353553390593274)
(3.4 0.353553390593274 0.353553390593274)
(3.6 0.353553390593274 0.353553390593274)
(3.8 0.353553390593274 0.353553390593274)
(4 0.353553390593274 0.353553390593274)
(4.2 0.353553390593274 0.353553390593274)
(4.4 0.353553390593274 0.353553390593274)
(4.6 0.353553390593274 0.353553390593274)
(4.8 0.353553390593274 0.353553390593274)
(5 0.353553390593274 0.353553390593274)
(5.2 0.02 0)
(5.4 0.04 0)
(5.6 0.06 0)
(5.8 0.08 0)
(6 0.1 0)
(6.2 0.12 0)
(6.4 0.14 0)
(6.6 0.16 0)
(6.8 0.18 0)
(7 0.2 0)
(7.2 0.22 0)
(7.4 0.24 0)
(7.6 0.26 0)
(7.8 0.28 0)
(8 0.3 0)
(8.2 0.32 0)
(8.4 0.34 0)
(8.6 0.36 0)
(8.8 0.38 0)
(9 0.4 0)
(9.2 0.42 0)
(9.4 0.44 0)
(9.6 0.46 0)
(9.8 0.48 0)
(10 0.5 0)
(5.2 -0.0507106031247462 0.0707106781186548)
(5.4 -0.0307106062494924 0.0707106781186548)
(5.6 -0.0107106093742386 0.0707106781186548)
(5.8 0.00928938750101523 0.0707106781186548)
(6 0.0292893843762691 0.0707106781186548)
(6.2 0.0492893812515229 0.0707106781186548)
(6.4 0.0692893781267767 0.0707106781186548)
(6.6 0.0892893750020305 0.0707106781186548)
(6.8 0.109289371877284 0.0707106781186548)
(7 0.129289368752538 0.0707106781186548)
(7.2 0.149289365627792 0.0707106781186548)
(7.4 0.169289362503046 0.0707106781186548)
(7.6 0.1892893593783 0.0707106781186548)
(7.8 0.209289356253553 0.0707106781186548)
(8 0.229289353128807 0.0707106781186548)
(8.2 0.249289350004061 0.0707106781186548)
(8.4 0.269289346879315 0.0707106781186548)
(8.6 0.289289343754569 0.0707106781186548)
(8.8 0.309289340629822 0.0707106781186548)
(9 0.329289337505076 0.0707106781186548)
(9.2 0.34928933438033 0.0707106781186548)
(9.4 0.369289331255584 0.0707106781186548)
(9.6 0.389289328130838 0.0707106781186548)
(9.8 0.409289325006091 0.0707106781186548)
(10 0.429289321881345 0.0707106781186548)
(5.2 -0.0253989914252335 0.0891006520715902)
(5.4 -0.00539899386476351 0.0891006520860588)
(5.6 0.0146010036957064 0.0891006521005274)
(5.8 0.0346010012561764 0.089100652114996)
(6 0.0546009988166463 0.0891006521294646)
(6.2 0.0746009963771163 0.0891006521439333)
(6.4 0.0946009939375862 0.0891006521584018)
(6.6 0.114600991498056 0.0891006521728705)
(6.8 0.134600989058526 0.0891006521873391)
(7 0.154600986618996 0.0891006522018077)
(7.2 0.174600984179466 0.0891006522162763)
(7.4 0.194600981739936 0.0891006522307449)
(7.6 0.214600979300406 0.0891006522452135)
(7.8 0.234600976860876 0.0891006522596821)
(8 0.254600974421346 0.0891006522741507)
(8.2 0.274600971981816 0.0891006522886193)
(8.4 0.294600969542286 0.0891006523030879)
(8.6 0.314600967102756 0.0891006523175565)
(8.8 0.334600964663226 0.0891006523320252)
(9 0.354600962223696 0.0891006523464938)
(9.2 0.374600959784165 0.0891006523609624)
(9.4 0.394600957344635 0.089100652375431)
(9.6 0.414600954905106 0.0891006523898996)
(9.8 0.434600952465575 0.0891006524043682)
(10 0.454600950026045 0.0891006524188368)
(5.2 0.0043565977472017 0.0987688340008786)
(5.4 0.0243565959034007 0.0987688340033217)
(5.6 0.0443565940595996 0.0987688340057648)
(5.8 0.0643565922157986 0.098768834008208)
(6 0.0843565903719976 0.0987688340106511)
(6.2 0.104356588528197 0.0987688340130942)
(6.4 0.124356586684396 0.0987688340155374)
(6.6 0.144356584840594 0.0987688340179805)
(6.8 0.164356582996793 0.0987688340204236)
(7 0.184356581152992 0.0987688340228668)
(7.2 0.204356579309191 0.0987688340253099)
(7.4 0.22435657746539 0.098768834027753)
(7.6 0.244356575621589 0.0987688340301962)
(7.8 0.264356573777788 0.0987688340326393)
(8 0.284356571933987 0.0987688340350825)
(8.2 0.304356570090186 0.0987688340375256)
(8.4 0.324356568246385 0.0987688340399687)
(8.6 0.344356566402584 0.0987688340424119)
(8.8 0.364356564558783 0.098768834044855)
(9 0.384356562714982 0.0987688340472981)
(9.2 0.404356560871181 0.0987688340497413)
(9.4 0.42435655902738 0.0987688340521844)
(9.6 0.444356557183579 0.0987688340546275)
(9.8 0.464356555339778 0.0987688340570706)
(10 0.484356553495977 0.0987688340595138)
(5.2 0.0356434772467069 0.0987688340008785)
(5.4 0.0556434759657617 0.0987688340033217)
(5.6 0.0756434746848166 0.0987688340057648)
(5.8 0.0956434734038714 0.098768834008208)
(6 0.115643472122926 0.0987688340106511)
(6.2 0.135643470841981 0.0987688340130942)
(6.4 0.155643469561036 0.0987688340155374)
(6.6 0.175643468280091 0.0987688340179805)
(6.8 0.195643466999146 0.0987688340204236)
(7 0.2156434657182 0.0987688340228668)
(7.2 0.235643464437255 0.0987688340253099)
(7.4 0.25564346315631 0.098768834027753)
(7.6 0.275643461875365 0.0987688340301962)
(7.8 0.29564346059442 0.0987688340326393)
(8 0.315643459313475 0.0987688340350824)
(8.2 0.335643458032529 0.0987688340375256)
(8.4 0.355643456751584 0.0987688340399687)
(8.6 0.375643455470639 0.0987688340424119)
(8.8 0.395643454189694 0.098768834044855)
(9 0.415643452908749 0.0987688340472981)
(9.2 0.435643451627804 0.0987688340497413)
(9.4 0.455643450346859 0.0987688340521844)
(9.6 0.475643449065913 0.0987688340546275)
(9.8 0.495643447784968 0.0987688340570706)
(10 0.515643446504023 0.0987688340595138)
(5.2 0.065399066419142 0.0891006520715902)
(5.4 0.0853990657339259 0.0891006520860588)
(5.6 0.10539906504871 0.0891006521005274)
(5.8 0.125399064363494 0.089100652114996)
(6 0.145399063678278 0.0891006521294646)
(6.2 0.165399062993061 0.0891006521439332)
(6.4 0.185399062307845 0.0891006521584018)
(6.6 0.205399061622629 0.0891006521728705)
(6.8 0.225399060937413 0.0891006521873391)
(7 0.245399060252197 0.0891006522018077)
(7.2 0.265399059566981 0.0891006522162763)
(7.4 0.285399058881764 0.0891006522307449)
(7.6 0.305399058196548 0.0891006522452135)
(7.8 0.325399057511332 0.0891006522596821)
(8 0.345399056826116 0.0891006522741507)
(8.2 0.3653990561409 0.0891006522886193)
(8.4 0.385399055455684 0.0891006523030879)
(8.6 0.405399054770468 0.0891006523175565)
(8.8 0.425399054085252 0.0891006523320251)
(9 0.445399053400035 0.0891006523464937)
(9.2 0.465399052714819 0.0891006523609624)
(9.4 0.485399052029603 0.089100652375431)
(9.6 0.505399051344387 0.0891006523898996)
(9.8 0.525399050659171 0.0891006524043682)
(10 0.545399049973955 0.0891006524188368)
(5.2 0.0907106781186548 0.0707106781186548)
(5.4 0.110710678118655 0.0707106781186548)
(5.6 0.130710678118655 0.0707106781186548)
(5.8 0.150710678118655 0.0707106781186548)
(6 0.170710678118655 0.0707106781186548)
(6.2 0.190710678118655 0.0707106781186548)
(6.4 0.210710678118655 0.0707106781186548)
(6.6 0.230710678118655 0.0707106781186548)
(6.8 0.250710678118655 0.0707106781186548)
(7 0.270710678118655 0.0707106781186548)
(7.2 0.290710678118655 0.0707106781186548)
(7.4 0.310710678118655 0.0707106781186548)
(7.6 0.330710678118655 0.0707106781186548)
(7.8 0.350710678118655 0.0707106781186548)
(8 0.370710678118655 0.0707106781186548)
(8.2 0.390710678118655 0.0707106781186548)
(8.4 0.410710678118655 0.0707106781186548)
(8.6 0.430710678118655 0.0707106781186548)
(8.8 0.450710678118655 0.0707106781186548)
(9 0.470710678118655 0.0707106781186548)
(9.2 0.490710678118655 0.0707106781186548)
(9.4 0.510710678118655 0.0707106781186548)
(9.6 0.530710678118655 0.0707106781186548)
(9.8 0.550710678118655 0.0707106781186548)
(10 0.570710678118655 0.0707106781186548)
(5.2 -0.121421206249492 0.14142135623731)
(5.4 -0.101421212498985 0.14142135623731)
(5.6 -0.0814212187484771 0.14142135623731)
(5.8 -0.0614212249979695 0.14142135623731)
(6 -0.0414212312474619 0.14142135623731)
(6.2 -0.0214212374969543 0.14142135623731)
(6.4 -0.00142124374644665 0.14142135623731)
(6.6 0.018578750004061 0.14142135623731)
(6.8 0.0385787437545686 0.14142135623731)
(7 0.0585787375050762 0.14142135623731)
(7.2 0.0785787312555838 0.14142135623731)
(7.4 0.0985787250060914 0.14142135623731)
(7.6 0.118578718756599 0.14142135623731)
(7.8 0.138578712507107 0.14142135623731)
(8 0.158578706257614 0.14142135623731)
(8.2 0.178578700008122 0.14142135623731)
(8.4 0.19857869375863 0.14142135623731)
(8.6 0.218578687509137 0.14142135623731)
(8.8 0.238578681259645 0.14142135623731)
(9 0.258578675010152 0.14142135623731)
(9.2 0.27857866876066 0.14142135623731)
(9.4 0.298578662511168 0.14142135623731)
(9.6 0.318578656261675 0.14142135623731)
(9.8 0.338578650012183 0.14142135623731)
(10 0.35857864376269 0.14142135623731)
(5.2 -0.0707979828504669 0.17820130414318)
(5.4 -0.050797987729527 0.178201304172118)
(5.6 -0.0307979926085871 0.178201304201055)
(5.8 -0.0107979974876472 0.178201304229992)
(6 0.00920199763329267 0.178201304258929)
(6.2 0.0292019927542326 0.178201304287867)
(6.4 0.0492019878751725 0.178201304316804)
(6.6 0.0692019829961124 0.178201304345741)
(6.8 0.0892019781170523 0.178201304374678)
(7 0.109201973237992 0.178201304403615)
(7.2 0.129201968358932 0.178201304432553)
(7.4 0.149201963479872 0.17820130446149)
(7.6 0.169201958600812 0.178201304490427)
(7.8 0.189201953721752 0.178201304519364)
(8 0.209201948842692 0.178201304548301)
(8.2 0.229201943963632 0.178201304577239)
(8.4 0.249201939084571 0.178201304606176)
(8.6 0.269201934205511 0.178201304635113)
(8.8 0.289201929326451 0.17820130466405)
(9 0.309201924447391 0.178201304692988)
(9.2 0.329201919568331 0.178201304721925)
(9.4 0.349201914689271 0.178201304750862)
(9.6 0.369201909810211 0.178201304779799)
(9.8 0.389201904931151 0.178201304808736)
(10 0.409201900052091 0.178201304837674)
(5.2 -0.0112868045055966 0.197537668001757)
(5.4 0.00871319180680132 0.197537668006643)
(5.6 0.0287131881191993 0.19753766801153)
(5.8 0.0487131844315972 0.197537668016416)
(6 0.0687131807439951 0.197537668021302)
(6.2 0.0887131770563931 0.197537668026188)
(6.4 0.108713173368791 0.197537668031075)
(6.6 0.128713169681189 0.197537668035961)
(6.8 0.148713165993587 0.197537668040847)
(7 0.168713162305985 0.197537668045734)
(7.2 0.188713158618383 0.19753766805062)
(7.4 0.208713154930781 0.197537668055506)
(7.6 0.228713151243179 0.197537668060392)
(7.8 0.248713147555577 0.197537668065279)
(8 0.268713143867975 0.197537668070165)
(8.2 0.288713140180372 0.197537668075051)
(8.4 0.30871313649277 0.197537668079937)
(8.6 0.328713132805168 0.197537668084824)
(8.8 0.348713129117566 0.19753766808971)
(9 0.368713125429964 0.197537668094596)
(9.2 0.388713121742362 0.197537668099483)
(9.4 0.40871311805476 0.197537668104369)
(9.6 0.428713114367158 0.197537668109255)
(9.8 0.448713110679556 0.197537668114141)
(10 0.468713106991954 0.197537668119028)
(5.2 0.0512869544934138 0.197537668001757)
(5.4 0.0712869519315234 0.197537668006643)
(5.6 0.0912869493696331 0.19753766801153)
(5.8 0.111286946807743 0.197537668016416)
(6 0.131286944245853 0.197537668021302)
(6.2 0.151286941683962 0.197537668026188)
(6.4 0.171286939122072 0.197537668031075)
(6.6 0.191286936560182 0.197537668035961)
(6.8 0.211286933998291 0.197537668040847)
(7 0.231286931436401 0.197537668045734)
(7.2 0.251286928874511 0.19753766805062)
(7.4 0.27128692631262 0.197537668055506)
(7.6 0.29128692375073 0.197537668060392)
(7.8 0.31128692118884 0.197537668065279)
(8 0.331286918626949 0.197537668070165)
(8.2 0.351286916065059 0.197537668075051)
(8.4 0.371286913503169 0.197537668079937)
(8.6 0.391286910941278 0.197537668084824)
(8.8 0.411286908379388 0.19753766808971)
(9 0.431286905817498 0.197537668094596)
(9.2 0.451286903255607 0.197537668099483)
(9.4 0.471286900693717 0.197537668104369)
(9.6 0.491286898131827 0.197537668109255)
(9.8 0.511286895569936 0.197537668114141)
(10 0.531286893008046 0.197537668119028)
(5.2 0.110798132838284 0.17820130414318)
(5.4 0.130798131467852 0.178201304172118)
(5.6 0.150798130097419 0.178201304201055)
(5.8 0.170798128726987 0.178201304229992)
(6 0.190798127356555 0.178201304258929)
(6.2 0.210798125986123 0.178201304287866)
(6.4 0.23079812461569 0.178201304316804)
(6.6 0.250798123245258 0.178201304345741)
(6.8 0.270798121874826 0.178201304374678)
(7 0.290798120504394 0.178201304403615)
(7.2 0.310798119133961 0.178201304432553)
(7.4 0.330798117763529 0.17820130446149)
(7.6 0.350798116393097 0.178201304490427)
(7.8 0.370798115022664 0.178201304519364)
(8 0.390798113652232 0.178201304548301)
(8.2 0.4107981122818 0.178201304577239)
(8.4 0.430798110911368 0.178201304606176)
(8.6 0.450798109540935 0.178201304635113)
(8.8 0.470798108170503 0.17820130466405)
(9 0.490798106800071 0.178201304692987)
(9.2 0.510798105429638 0.178201304721925)
(9.4 0.530798104059206 0.178201304750862)
(9.6 0.550798102688774 0.178201304779799)
(9.8 0.570798101318342 0.178201304808736)
(10 0.590798099947909 0.178201304837674)
(5.2 0.16142135623731 0.14142135623731)
(5.4 0.18142135623731 0.14142135623731)
(5.6 0.20142135623731 0.14142135623731)
(5.8 0.22142135623731 0.14142135623731)
(6 0.24142135623731 0.14142135623731)
(6.2 0.261421356237309 0.14142135623731)
(6.4 0.28142135623731 0.14142135623731)
(6.6 0.301421356237309 0.14142135623731)
(6.8 0.321421356237309 0.14142135623731)
(7 0.341421356237309 0.14142135623731)
(7.2 0.361421356237309 0.14142135623731)
(7.4 0.381421356237309 0.14142135623731)
(7.6 0.401421356237309 0.14142135623731)
(7.8 0.42142135623731 0.14142135623731)
(8 0.441421356237309 0.14142135623731)
(8.2 0.46142135623731 0.14142135623731)
(8.4 0.48142135623731 0.14142135623731)
(8.6 0.50142135623731 0.14142135623731)
(8.8 0.52142135623731 0.14142135623731)
(9 0.541421356237309 0.14142135623731)
(9.2 0.561421356237309 0.14142135623731)
(9.4 0.58142135623731 0.14142135623731)
(9.6 0.60142135623731 0.14142135623731)
(9.8 0.621421356237309 0.14142135623731)
(10 0.641421356237309 0.14142135623731)
(5.2 -0.192131809374239 0.212132034355964)
(5.4 -0.172131818748477 0.212132034355964)
(5.6 -0.152131828122716 0.212132034355964)
(5.8 -0.132131837496954 0.212132034355964)
(6 -0.112131846871193 0.212132034355964)
(6.2 -0.0921318562454314 0.212132034355964)
(6.4 -0.07213186561967 0.212132034355964)
(6.6 -0.0521318749939086 0.212132034355964)
(6.8 -0.0321318843681471 0.212132034355964)
(7 -0.0121318937423857 0.212132034355964)
(7.2 0.00786809688337573 0.212132034355964)
(7.4 0.0278680875091372 0.212132034355964)
(7.6 0.0478680781348986 0.212132034355964)
(7.8 0.0678680687606601 0.212132034355964)
(8 0.0878680593864214 0.212132034355964)
(8.2 0.107868050012183 0.212132034355964)
(8.4 0.127868040637944 0.212132034355964)
(8.6 0.147868031263706 0.212132034355964)
(8.8 0.167868021889467 0.212132034355964)
(9 0.187868012515229 0.212132034355964)
(9.2 0.20786800314099 0.212132034355964)
(9.4 0.227867993766751 0.212132034355964)
(9.6 0.247867984392513 0.212132034355964)
(9.8 0.267867975018274 0.212132034355964)
(10 0.287867965644036 0.212132034355964)
(5.2 -0.1161969742757 0.267301956214771)
(5.4 -0.0961969815942905 0.267301956258176)
(5.6 -0.0761969889128807 0.267301956301582)
(5.8 -0.0561969962314708 0.267301956344988)
(6 -0.036197003550061 0.267301956388394)
(6.2 -0.0161970108686512 0.2673019564318)
(6.4 0.00380298181275872 0.267301956475206)
(6.6 0.0238029744941686 0.267301956518611)
(6.8 0.0438029671755784 0.267301956562017)
(7 0.0638029598569883 0.267301956605423)
(7.2 0.0838029525383981 0.267301956648829)
(7.4 0.103802945219808 0.267301956692235)
(7.6 0.123802937901218 0.267301956735641)
(7.8 0.143802930582628 0.267301956779046)
(8 0.163802923264038 0.267301956822452)
(8.2 0.183802915945447 0.267301956865858)
(8.4 0.203802908626857 0.267301956909264)
(8.6 0.223802901308267 0.26730195695267)
(8.8 0.243802893989677 0.267301956996075)
(9 0.263802886671087 0.267301957039481)
(9.2 0.283802879352497 0.267301957082887)
(9.4 0.303802872033906 0.267301957126293)
(9.6 0.323802864715316 0.267301957169699)
(9.8 0.343802857396726 0.267301957213105)
(10 0.363802850078136 0.26730195725651)
(5.2 -0.0269302067583949 0.296306502002636)
(5.4 -0.00693021228979803 0.296306502009965)
(5.6 0.0130697821787989 0.296306502017295)
(5.8 0.0330697766473958 0.296306502024624)
(6 0.0530697711159927 0.296306502031953)
(6.2 0.0730697655845896 0.296306502039283)
(6.4 0.0930697600531865 0.296306502046612)
(6.6 0.113069754521783 0.296306502053941)
(6.8 0.13306974899038 0.296306502061271)
(7 0.153069743458977 0.2963065020686)
(7.2 0.173069737927574 0.29630650207593)
(7.4 0.193069732396171 0.296306502083259)
(7.6 0.213069726864768 0.296306502090589)
(7.8 0.233069721333365 0.296306502097918)
(8 0.253069715801962 0.296306502105247)
(8.2 0.273069710270559 0.296306502112577)
(8.4 0.293069704739156 0.296306502119906)
(8.6 0.313069699207752 0.296306502127236)
(8.8 0.333069693676349 0.296306502134565)
(9 0.353069688144946 0.296306502141894)
(9.2 0.373069682613543 0.296306502149224)
(9.4 0.39306967708214 0.296306502156553)
(9.6 0.413069671550737 0.296306502163883)
(9.8 0.433069666019334 0.296306502171212)
(10 0.453069660487931 0.296306502178541)
(5.2 0.0669304317401206 0.296306502002636)
(5.4 0.0869304278972852 0.296306502009965)
(5.6 0.10693042405445 0.296306502017294)
(5.8 0.126930420211614 0.296306502024624)
(6 0.146930416368779 0.296306502031953)
(6.2 0.166930412525943 0.296306502039283)
(6.4 0.186930408683108 0.296306502046612)
(6.6 0.206930404840272 0.296306502053941)
(6.8 0.226930400997437 0.296306502061271)
(7 0.246930397154601 0.2963065020686)
(7.2 0.266930393311766 0.29630650207593)
(7.4 0.28693038946893 0.296306502083259)
(7.6 0.306930385626095 0.296306502090589)
(7.8 0.32693038178326 0.296306502097918)
(8 0.346930377940424 0.296306502105247)
(8.2 0.366930374097588 0.296306502112577)
(8.4 0.386930370254753 0.296306502119906)
(8.6 0.406930366411917 0.296306502127235)
(8.8 0.426930362569082 0.296306502134565)
(9 0.446930358726247 0.296306502141894)
(9.2 0.466930354883411 0.296306502149224)
(9.4 0.486930351040576 0.296306502156553)
(9.6 0.50693034719774 0.296306502163883)
(9.8 0.526930343354905 0.296306502171212)
(10 0.546930339512069 0.296306502178541)
(5.2 0.156197199257426 0.267301956214771)
(5.4 0.176197197201778 0.267301956258176)
(5.6 0.196197195146129 0.267301956301582)
(5.8 0.216197193090481 0.267301956344988)
(6 0.236197191034832 0.267301956388394)
(6.2 0.256197188979184 0.2673019564318)
(6.4 0.276197186923536 0.267301956475206)
(6.6 0.296197184867887 0.267301956518611)
(6.8 0.316197182812239 0.267301956562017)
(7 0.33619718075659 0.267301956605423)
(7.2 0.356197178700942 0.267301956648829)
(7.4 0.376197176645293 0.267301956692235)
(7.6 0.396197174589645 0.26730195673564)
(7.8 0.416197172533997 0.267301956779046)
(8 0.436197170478348 0.267301956822452)
(8.2 0.4561971684227 0.267301956865858)
(8.4 0.476197166367051 0.267301956909264)
(8.6 0.496197164311403 0.26730195695267)
(8.8 0.516197162255754 0.267301956996075)
(9 0.536197160200106 0.267301957039481)
(9.2 0.556197158144458 0.267301957082887)
(9.4 0.57619715608881 0.267301957126293)
(9.6 0.596197154033161 0.267301957169699)
(9.8 0.616197151977513 0.267301957213105)
(10 0.636197149921864 0.26730195725651)
(5.2 0.232132034355964 0.212132034355964)
(5.4 0.252132034355964 0.212132034355964)
(5.6 0.272132034355964 0.212132034355964)
(5.8 0.292132034355964 0.212132034355964)
(6 0.312132034355964 0.212132034355964)
(6.2 0.332132034355964 0.212132034355964)
(6.4 0.352132034355964 0.212132034355964)
(6.6 0.372132034355964 0.212132034355964)
(6.8 0.392132034355964 0.212132034355964)
(7 0.412132034355964 0.212132034355964)
(7.2 0.432132034355964 0.212132034355964)
(7.4 0.452132034355964 0.212132034355964)
(7.6 0.472132034355964 0.212132034355964)
(7.8 0.492132034355964 0.212132034355964)
(8 0.512132034355964 0.212132034355964)
(8.2 0.532132034355964 0.212132034355964)
(8.4 0.552132034355964 0.212132034355964)
(8.6 0.572132034355964 0.212132034355964)
(8.8 0.592132034355964 0.212132034355964)
(9 0.612132034355964 0.212132034355964)
(9.2 0.632132034355964 0.212132034355964)
(9.4 0.652132034355964 0.212132034355964)
(9.6 0.672132034355964 0.212132034355964)
(9.8 0.692132034355964 0.212132034355964)
(10 0.712132034355964 0.212132034355964)
(5.2 -0.262842412498985 0.282842712474619)
(5.4 -0.24284242499797 0.282842712474619)
(5.6 -0.222842437496954 0.282842712474619)
(5.8 -0.202842449995939 0.282842712474619)
(6 -0.182842462494924 0.282842712474619)
(6.2 -0.162842474993909 0.282842712474619)
(6.4 -0.142842487492893 0.282842712474619)
(6.6 -0.122842499991878 0.282842712474619)
(6.8 -0.102842512490863 0.282842712474619)
(7 -0.0828425249898476 0.282842712474619)
(7.2 -0.0628425374888324 0.282842712474619)
(7.4 -0.0428425499878171 0.282842712474619)
(7.6 -0.0228425624868019 0.282842712474619)
(7.8 -0.00284257498578661 0.282842712474619)
(8 0.0171574125152286 0.282842712474619)
(8.2 0.0371574000162439 0.282842712474619)
(8.4 0.0571573875172591 0.282842712474619)
(8.6 0.0771573750182743 0.282842712474619)
(8.8 0.0971573625192896 0.282842712474619)
(9 0.117157350020305 0.282842712474619)
(9.2 0.13715733752132 0.282842712474619)
(9.4 0.157157325022335 0.282842712474619)
(9.6 0.177157312523351 0.282842712474619)
(9.8 0.197157300024366 0.282842712474619)
(10 0.217157287525381 0.282842712474619)
(5.2 -0.161595965700934 0.356402608286361)
(5.4 -0.141595975459054 0.356402608344235)
(5.6 -0.121595985217174 0.35640260840211)
(5.8 -0.101595994975294 0.356402608459984)
(6 -0.0815960047334147 0.356402608517859)
(6.2 -0.0615960144915349 0.356402608575733)
(6.4 -0.041596024249655 0.356402608633607)
(6.6 -0.0215960340077752 0.356402608691482)
(6.8 -0.00159604376589547 0.356402608749356)
(7 0.0184039464759843 0.356402608807231)
(7.2 0.0384039367178641 0.356402608865105)
(7.4 0.0584039269597439 0.35640260892298)
(7.6 0.0784039172016237 0.356402608980854)
(7.8 0.0984039074435036 0.356402609038728)
(8 0.118403897685383 0.356402609096603)
(8.2 0.138403887927263 0.356402609154477)
(8.4 0.158403878169143 0.356402609212352)
(8.6 0.178403868411023 0.356402609270226)
(8.8 0.198403858652903 0.356402609328101)
(9 0.218403848894782 0.356402609385975)
(9.2 0.238403839136662 0.356402609443849)
(9.4 0.258403829378542 0.356402609501724)
(9.6 0.278403819620422 0.356402609559598)
(9.8 0.298403809862302 0.356402609617473)
(10 0.318403800104181 0.356402609675347)
(5.2 -0.0425736090111932 0.395075336003514)
(5.4 -0.0225736163863973 0.395075336013287)
(5.6 -0.00257362376160149 0.395075336023059)
(5.8 0.0174263688631944 0.395075336032832)
(6 0.0374263614879903 0.395075336042604)
(6.2 0.0574263541127861 0.395075336052377)
(6.4 0.077426346737582 0.39507533606215)
(6.6 0.0974263393623779 0.395075336071922)
(6.8 0.117426331987174 0.395075336081695)
(7 0.13742632461197 0.395075336091467)
(7.2 0.157426317236766 0.39507533610124)
(7.4 0.177426309861561 0.395075336111012)
(7.6 0.197426302486357 0.395075336120785)
(7.8 0.217426295111153 0.395075336130557)
(8 0.237426287735949 0.39507533614033)
(8.2 0.257426280360745 0.395075336150102)
(8.4 0.277426272985541 0.395075336159875)
(8.6 0.297426265610337 0.395075336169647)
(8.8 0.317426258235132 0.39507533617942)
(9 0.337426250859928 0.395075336189192)
(9.2 0.357426243484724 0.395075336198965)
(9.4 0.37742623610952 0.395075336208738)
(9.6 0.397426228734316 0.39507533621851)
(9.8 0.417426221359112 0.395075336228283)
(10 0.437426213983908 0.395075336238055)
(5.2 0.0825739089868275 0.395075336003514)
(5.4 0.102573903863047 0.395075336013287)
(5.6 0.122573898739266 0.395075336023059)
(5.8 0.142573893615486 0.395075336032832)
(6 0.162573888491705 0.395075336042604)
(6.2 0.182573883367924 0.395075336052377)
(6.4 0.202573878244144 0.395075336062149)
(6.6 0.222573873120363 0.395075336071922)
(6.8 0.242573867996582 0.395075336081695)
(7 0.262573862872802 0.395075336091467)
(7.2 0.282573857749021 0.39507533610124)
(7.4 0.302573852625241 0.395075336111012)
(7.6 0.32257384750146 0.395075336120785)
(7.8 0.342573842377679 0.395075336130557)
(8 0.362573837253899 0.39507533614033)
(8.2 0.382573832130118 0.395075336150102)
(8.4 0.402573827006337 0.395075336159875)
(8.6 0.422573821882557 0.395075336169647)
(8.8 0.442573816758776 0.39507533617942)
(9 0.462573811634996 0.395075336189192)
(9.2 0.482573806511215 0.395075336198965)
(9.4 0.502573801387434 0.395075336208738)
(9.6 0.522573796263654 0.39507533621851)
(9.8 0.542573791139873 0.395075336228283)
(10 0.562573786016092 0.395075336238055)
(5.2 0.201596265676568 0.356402608286361)
(5.4 0.221596262935704 0.356402608344235)
(5.6 0.241596260194839 0.35640260840211)
(5.8 0.261596257453974 0.356402608459984)
(6 0.28159625471311 0.356402608517859)
(6.2 0.301596251972245 0.356402608575733)
(6.4 0.321596249231381 0.356402608633607)
(6.6 0.341596246490516 0.356402608691482)
(6.8 0.361596243749652 0.356402608749356)
(7 0.381596241008787 0.356402608807231)
(7.2 0.401596238267922 0.356402608865105)
(7.4 0.421596235527058 0.35640260892298)
(7.6 0.441596232786193 0.356402608980854)
(7.8 0.461596230045329 0.356402609038728)
(8 0.481596227304464 0.356402609096603)
(8.2 0.5015962245636 0.356402609154477)
(8.4 0.521596221822735 0.356402609212352)
(8.6 0.541596219081871 0.356402609270226)
(8.8 0.561596216341006 0.356402609328101)
(9 0.581596213600142 0.356402609385975)
(9.2 0.601596210859277 0.356402609443849)
(9.4 0.621596208118412 0.356402609501724)
(9.6 0.641596205377548 0.356402609559598)
(9.8 0.661596202636683 0.356402609617473)
(10 0.681596199895819 0.356402609675347)
(5.2 0.302842712474619 0.282842712474619)
(5.4 0.322842712474619 0.282842712474619)
(5.6 0.342842712474619 0.282842712474619)
(5.8 0.362842712474619 0.282842712474619)
(6 0.382842712474619 0.282842712474619)
(6.2 0.402842712474619 0.282842712474619)
(6.4 0.422842712474619 0.282842712474619)
(6.6 0.442842712474619 0.282842712474619)
(6.8 0.462842712474619 0.282842712474619)
(7 0.482842712474619 0.282842712474619)
(7.2 0.502842712474619 0.282842712474619)
(7.4 0.522842712474619 0.282842712474619)
(7.6 0.542842712474619 0.282842712474619)
(7.8 0.562842712474619 0.282842712474619)
(8 0.582842712474619 0.282842712474619)
(8.2 0.602842712474619 0.282842712474619)
(8.4 0.622842712474619 0.282842712474619)
(8.6 0.642842712474619 0.282842712474619)
(8.8 0.662842712474619 0.282842712474619)
(9 0.682842712474619 0.282842712474619)
(9.2 0.702842712474619 0.282842712474619)
(9.4 0.722842712474619 0.282842712474619)
(9.6 0.742842712474619 0.282842712474619)
(9.8 0.762842712474619 0.282842712474619)
(10 0.782842712474619 0.282842712474619)
(5.2 -0.333553015623731 0.353553390593274)
(5.4 -0.313553031247462 0.353553390593274)
(5.6 -0.293553046871193 0.353553390593274)
(5.8 -0.273553062494924 0.353553390593274)
(6 -0.253553078118655 0.353553390593274)
(6.2 -0.233553093742386 0.353553390593274)
(6.4 -0.213553109366117 0.353553390593274)
(6.6 -0.193553124989848 0.353553390593274)
(6.8 -0.173553140613579 0.353553390593274)
(7 -0.153553156237309 0.353553390593274)
(7.2 -0.13355317186104 0.353553390593274)
(7.4 -0.113553187484771 0.353553390593274)
(7.6 -0.0935532031085023 0.353553390593274)
(7.8 -0.0735532187322332 0.353553390593274)
(8 -0.0535532343559642 0.353553390593274)
(8.2 -0.0335532499796952 0.353553390593274)
(8.4 -0.0135532656034261 0.353553390593274)
(8.6 0.0064467187728429 0.353553390593274)
(8.8 0.026446703149112 0.353553390593274)
(9 0.046446687525381 0.353553390593274)
(9.2 0.0664466719016501 0.353553390593274)
(9.4 0.0864466562779191 0.353553390593274)
(9.6 0.106446640654188 0.353553390593274)
(9.8 0.126446625030457 0.353553390593274)
(10 0.146446609406726 0.353553390593274)
(5.2 -0.206994957126167 0.445503260357951)
(5.4 -0.186994969323818 0.445503260430294)
(5.6 -0.166994981521468 0.445503260502637)
(5.8 -0.146994993719118 0.44550326057498)
(6 -0.126995005916768 0.445503260647323)
(6.2 -0.106995018114419 0.445503260719666)
(6.4 -0.0869950303120688 0.445503260792009)
(6.6 -0.0669950425097191 0.445503260864352)
(6.8 -0.0469950547073693 0.445503260936695)
(7 -0.0269950669050196 0.445503261009038)
(7.2 -0.00699507910266985 0.445503261081382)
(7.4 0.0130049086996799 0.445503261153724)
(7.6 0.0330048965020297 0.445503261226068)
(7.8 0.0530048843043794 0.445503261298411)
(8 0.0730048721067291 0.445503261370754)
(8.2 0.0930048599090789 0.445503261443097)
(8.4 0.113004847711429 0.44550326151544)
(8.6 0.133004835513778 0.445503261587783)
(8.8 0.153004823316128 0.445503261660126)
(9 0.173004811118478 0.445503261732469)
(9.2 0.193004798920828 0.445503261804812)
(9.4 0.213004786723177 0.445503261877155)
(9.6 0.233004774525527 0.445503261949498)
(9.8 0.253004762327877 0.445503262021841)
(10 0.273004750130227 0.445503262094184)
(5.2 -0.0582170112639915 0.493844170004393)
(5.4 -0.0382170204829967 0.493844170016609)
(5.6 -0.0182170297020019 0.493844170028824)
(5.8 0.00178296107899299 0.49384417004104)
(6 0.0217829518599879 0.493844170053256)
(6.2 0.0417829426409827 0.493844170065471)
(6.4 0.0617829334219775 0.493844170077687)
(6.6 0.0817829242029723 0.493844170089903)
(6.8 0.101782914983967 0.493844170102118)
(7 0.121782905764962 0.493844170114334)
(7.2 0.141782896545957 0.49384417012655)
(7.4 0.161782887326952 0.493844170138765)
(7.6 0.181782878107947 0.493844170150981)
(7.8 0.201782868888941 0.493844170163197)
(8 0.221782859669936 0.493844170175412)
(8.2 0.241782850450931 0.493844170187628)
(8.4 0.261782841231926 0.493844170199844)
(8.6 0.281782832012921 0.493844170212059)
(8.8 0.301782822793916 0.493844170224275)
(9 0.32178281357491 0.493844170236491)
(9.2 0.341782804355905 0.493844170248706)
(9.4 0.3617827951369 0.493844170260922)
(9.6 0.381782785917895 0.493844170273138)
(9.8 0.40178277669889 0.493844170285353)
(10 0.421782767479885 0.493844170297569)
(5.2 0.0982173862335344 0.493844170004393)
(5.4 0.118217379828809 0.493844170016608)
(5.6 0.138217373424083 0.493844170028824)
(5.8 0.158217367019357 0.49384417004104)
(6 0.178217360614631 0.493844170053255)
(6.2 0.198217354209905 0.493844170065471)
(6.4 0.21821734780518 0.493844170077687)
(6.6 0.238217341400454 0.493844170089902)
(6.8 0.258217334995728 0.493844170102118)
(7 0.278217328591002 0.493844170114334)
(7.2 0.298217322186277 0.493844170126549)
(7.4 0.318217315781551 0.493844170138765)
(7.6 0.338217309376825 0.493844170150981)
(7.8 0.358217302972099 0.493844170163196)
(8 0.378217296567373 0.493844170175412)
(8.2 0.398217290162648 0.493844170187628)
(8.4 0.418217283757922 0.493844170199844)
(8.6 0.438217277353196 0.493844170212059)
(8.8 0.45821727094847 0.493844170224275)
(9 0.478217264543744 0.493844170236491)
(9.2 0.498217258139019 0.493844170248706)
(9.4 0.518217251734293 0.493844170260922)
(9.6 0.538217245329567 0.493844170273138)
(9.8 0.558217238924841 0.493844170285353)
(10 0.578217232520115 0.493844170297569)
(5.2 0.24699533209571 0.445503260357951)
(5.4 0.266995328669629 0.445503260430294)
(5.6 0.286995325243549 0.445503260502637)
(5.8 0.306995321817468 0.44550326057498)
(6 0.326995318391387 0.445503260647323)
(6.2 0.346995314965307 0.445503260719666)
(6.4 0.366995311539226 0.445503260792009)
(6.6 0.386995308113145 0.445503260864352)
(6.8 0.406995304687065 0.445503260936695)
(7 0.426995301260984 0.445503261009038)
(7.2 0.446995297834903 0.445503261081381)
(7.4 0.466995294408822 0.445503261153724)
(7.6 0.486995290982742 0.445503261226067)
(7.8 0.506995287556661 0.44550326129841)
(8 0.52699528413058 0.445503261370754)
(8.2 0.5469952807045 0.445503261443097)
(8.4 0.566995277278419 0.44550326151544)
(8.6 0.586995273852338 0.445503261587783)
(8.8 0.606995270426258 0.445503261660126)
(9 0.626995267000177 0.445503261732469)
(9.2 0.646995263574096 0.445503261804812)
(9.4 0.666995260148015 0.445503261877155)
(9.6 0.686995256721935 0.445503261949498)
(9.8 0.706995253295854 0.445503262021841)
(10 0.726995249869773 0.445503262094184)
(5.2 0.373553390593274 0.353553390593274)
(5.4 0.393553390593274 0.353553390593274)
(5.6 0.413553390593274 0.353553390593274)
(5.8 0.433553390593274 0.353553390593274)
(6 0.453553390593274 0.353553390593274)
(6.2 0.473553390593274 0.353553390593274)
(6.4 0.493553390593274 0.353553390593274)
(6.6 0.513553390593274 0.353553390593274)
(6.8 0.533553390593274 0.353553390593274)
(7 0.553553390593274 0.353553390593274)
(7.2 0.573553390593274 0.353553390593274)
(7.4 0.593553390593274 0.353553390593274)
(7.6 0.613553390593274 0.353553390593274)
(7.8 0.633553390593274 0.353553390593274)
(8 0.653553390593274 0.353553390593274)
(8.2 0.673553390593274 0.353553390593274)
(8.4 0.693553390593274 0.353553390593274)
(8.6 0.713553390593274 0.353553390593274)
(8.8 0.733553390593274 0.353553390593274)
(9 0.753553390593274 0.353553390593274)
(9.2 0.773553390593274 0.353553390593274)
(9.4 0.793553390593274 0.353553390593274)
(9.6 0.813553390593274 0.353553390593274)
(9.8 0.833553390593274 0.353553390593274)
(10 0.853553390593274 0.353553390593274)
)


// ************************************************************************* //
